0 2 1
0 6 15
0 8 17
0 9 12
0 12 15
0 14 3
0 16 3
0 18 14
0 20 17
0 26 18
0 43 4
0 44 11
0 47 20
0 50 1
0 55 19
0 59 19
0 64 5
0 77 17
0 81 9
0 97 11
0 100 13
0 102 7
0 109 9
0 115 11
0 121 1
0 123 10
0 129 4
0 130 19
0 132 20
0 136 7
0 142 17
0 147 9
0 148 13
0 149 13
0 151 11
0 153 11
0 157 15
0 160 10
0 170 11
0 171 4
0 174 1
0 178 10
0 179 4
0 181 9
0 187 1
0 193 11
0 199 17
1 2 9
1 4 13
1 11 5
1 13 10
1 19 2
1 22 6
1 28 14
1 29 9
1 31 15
1 36 10
1 38 12
1 41 7
1 42 10
1 44 11
1 47 15
1 51 2
1 61 18
1 63 8
1 67 17
1 82 4
1 88 7
1 89 5
1 93 11
1 94 3
1 96 7
1 97 19
1 98 15
1 102 16
1 105 17
1 106 16
1 111 11
1 118 19
1 120 1
1 121 2
1 129 10
1 131 20
1 135 5
1 137 4
1 139 2
1 142 19
1 143 10
1 145 3
1 150 19
1 153 12
1 157 14
1 173 10
1 174 17
1 181 6
1 185 1
1 188 6
1 191 2
1 193 3
1 195 9
1 197 13
2 3 15
2 4 7
2 7 8
2 9 18
2 14 14
2 15 20
2 16 11
2 19 6
2 23 1
2 33 1
2 37 8
2 38 12
2 41 9
2 43 15
2 50 5
2 55 13
2 59 10
2 62 3
2 69 16
2 73 17
2 88 9
2 89 9
2 96 12
2 97 9
2 101 13
2 106 13
2 108 15
2 115 11
2 116 3
2 118 10
2 123 10
2 124 19
2 125 19
2 129 12
2 131 12
2 138 2
2 143 15
2 151 5
2 154 1
2 159 13
2 162 15
2 168 18
2 169 10
2 173 8
2 178 1
2 179 5
2 180 11
2 184 16
2 188 8
2 198 12
3 7 17
3 8 16
3 20 1
3 26 20
3 29 12
3 30 17
3 31 15
3 38 16
3 43 15
3 55 4
3 58 7
3 64 20
3 69 1
3 71 17
3 73 8
3 75 1
3 77 6
3 78 4
3 80 5
3 82 11
3 83 7
3 84 5
3 85 13
3 89 13
3 95 2
3 98 3
3 101 1
3 102 20
3 108 3
3 111 10
3 116 3
3 118 8
3 120 1
3 123 10
3 124 15
3 126 11
3 128 17
3 136 4
3 142 8
3 143 5
3 150 2
3 151 5
3 153 2
3 155 5
3 156 20
3 159 7
3 161 14
3 168 9
3 169 5
3 170 9
3 180 17
3 191 2
3 194 3
3 197 2
4 5 17
4 6 17
4 7 6
4 20 2
4 28 14
4 32 13
4 42 5
4 45 16
4 50 7
4 51 13
4 60 16
4 65 8
4 70 10
4 74 14
4 79 3
4 83 10
4 87 5
4 97 14
4 109 1
4 111 16
4 118 14
4 121 3
4 123 19
4 124 17
4 133 8
4 137 17
4 139 5
4 146 2
4 149 11
4 160 9
4 161 3
4 164 10
4 168 9
4 174 9
4 176 10
4 179 1
4 195 15
5 9 12
5 11 7
5 14 10
5 18 13
5 23 11
5 28 18
5 31 4
5 34 19
5 35 3
5 47 17
5 54 7
5 59 11
5 61 13
5 63 1
5 64 12
5 72 7
5 77 18
5 78 3
5 80 1
5 81 12
5 85 13
5 90 10
5 91 5
5 94 15
5 95 10
5 97 18
5 103 13
5 105 3
5 107 2
5 119 7
5 121 3
5 123 8
5 124 13
5 125 2
5 127 5
5 131 17
5 140 13
5 144 16
5 145 16
5 148 19
5 152 1
5 160 14
5 161 18
5 168 17
5 175 8
5 181 15
5 184 12
5 189 3
5 191 16
5 194 20
5 196 5
5 199 16
6 9 11
6 20 9
6 22 7
6 27 12
6 44 13
6 47 7
6 51 9
6 53 14
6 54 12
6 58 20
6 61 17
6 62 1
6 65 18
6 68 8
6 69 6
6 71 9
6 77 1
6 78 4
6 80 15
6 81 5
6 83 11
6 85 4
6 86 13
6 87 12
6 89 10
6 90 8
6 91 6
6 97 15
6 105 6
6 112 9
6 113 2
6 117 15
6 124 18
6 129 4
6 131 4
6 135 8
6 139 1
6 140 12
6 141 16
6 147 4
6 149 12
6 151 13
6 155 17
6 158 12
6 160 8
6 166 1
6 170 4
6 171 10
6 172 17
6 175 8
6 177 2
6 185 7
6 187 1
6 189 13
6 193 16
7 13 11
7 21 14
7 27 1
7 28 13
7 29 3
7 31 1
7 35 1
7 37 2
7 42 20
7 47 11
7 49 14
7 55 10
7 57 18
7 62 5
7 63 10
7 67 7
7 82 19
7 85 9
7 90 2
7 102 15
7 103 6
7 116 16
7 130 12
7 135 11
7 136 20
7 141 7
7 145 7
7 146 7
7 147 13
7 149 2
7 150 14
7 151 9
7 152 5
7 154 4
7 158 13
7 170 17
7 172 13
7 173 16
7 180 15
7 182 9
7 183 16
7 186 4
7 189 20
7 190 7
7 196 13
7 199 17
8 11 7
8 14 3
8 19 20
8 20 6
8 21 10
8 25 11
8 26 8
8 28 4
8 35 17
8 36 19
8 40 8
8 41 3
8 42 18
8 44 6
8 45 19
8 46 15
8 47 5
8 56 11
8 64 4
8 67 4
8 70 5
8 73 7
8 76 1
8 78 3
8 81 17
8 86 6
8 87 16
8 89 12
8 93 6
8 101 8
8 108 13
8 109 19
8 111 20
8 116 2
8 119 4
8 129 19
8 137 7
8 139 7
8 142 10
8 144 11
8 155 9
8 156 14
8 159 17
8 165 14
8 168 12
8 171 13
8 173 17
8 176 12
8 182 18
8 183 7
8 185 5
8 190 20
8 191 11
8 194 7
9 12 6
9 13 15
9 14 16
9 17 5
9 20 15
9 23 5
9 24 9
9 26 17
9 29 7
9 32 2
9 36 5
9 47 1
9 49 12
9 51 3
9 57 10
9 60 18
9 61 3
9 65 14
9 71 12
9 72 12
9 73 4
9 75 10
9 76 9
9 78 4
9 86 1
9 91 17
9 112 14
9 113 10
9 116 14
9 118 13
9 122 12
9 123 12
9 129 15
9 131 17
9 132 7
9 134 5
9 139 9
9 141 6
9 144 2
9 153 11
9 155 5
9 161 11
9 168 10
9 176 16
9 177 20
9 182 7
9 184 10
9 191 1
9 195 12
9 197 7
9 198 12
10 13 19
10 14 16
10 15 3
10 17 6
10 23 2
10 26 20
10 39 20
10 46 1
10 51 14
10 55 1
10 61 1
10 68 9
10 72 13
10 77 6
10 79 12
10 84 3
10 86 4
10 90 9
10 91 14
10 97 17
10 108 17
10 112 4
10 116 12
10 133 14
10 135 9
10 142 9
10 143 14
10 149 6
10 153 7
10 162 15
10 163 20
10 165 13
10 167 10
10 171 14
10 174 1
10 176 10
10 178 6
10 181 12
10 183 20
10 187 5
10 199 3
11 20 18
11 23 19
11 26 17
11 30 5
11 33 17
11 36 7
11 37 2
11 41 5
11 45 4
11 51 7
11 53 5
11 57 3
11 60 1
11 64 17
11 70 12
11 73 2
11 83 9
11 87 4
11 89 15
11 91 19
11 98 12
11 101 15
11 105 7
11 107 4
11 117 7
11 132 1
11 133 6
11 136 20
11 141 5
11 142 17
11 143 17
11 144 1
11 145 11
11 157 4
11 165 1
11 166 18
11 169 5
11 173 9
11 181 14
11 182 6
11 186 8
11 191 2
11 193 10
11 196 5
12 16 16
12 22 17
12 26 10
12 37 11
12 46 4
12 52 14
12 55 10
12 60 9
12 61 3
12 62 14
12 66 1
12 69 18
12 74 17
12 82 4
12 83 13
12 85 1
12 91 17
12 92 18
12 98 13
12 102 19
12 106 7
12 108 3
12 110 5
12 111 11
12 112 16
12 114 20
12 118 7
12 126 18
12 129 9
12 132 10
12 134 18
12 135 20
12 138 13
12 142 8
12 145 5
12 146 9
12 149 6
12 150 19
12 151 19
12 154 4
12 155 1
12 166 15
12 169 13
12 172 18
12 173 9
12 175 1
12 180 3
12 181 5
12 186 4
12 192 17
12 193 1
12 195 13
13 17 4
13 18 1
13 20 20
13 21 4
13 22 8
13 28 1
13 29 9
13 30 11
13 31 14
13 33 18
13 36 14
13 37 20
13 40 18
13 44 3
13 45 17
13 46 2
13 47 18
13 49 16
13 51 1
13 53 11
13 68 10
13 70 4
13 77 15
13 84 10
13 88 12
13 89 3
13 91 2
13 94 15
13 95 12
13 96 17
13 97 1
13 100 3
13 102 13
13 110 18
13 113 6
13 115 10
13 116 16
13 121 20
13 128 7
13 129 14
13 132 18
13 136 4
13 137 5
13 143 11
13 145 13
13 153 10
13 155 11
13 157 9
13 164 12
13 182 17
13 183 16
13 191 1
13 193 20
13 195 2
13 198 5
14 16 3
14 17 5
14 21 8
14 26 7
14 28 15
14 29 5
14 32 14
14 33 15
14 36 13
14 37 13
14 38 12
14 45 11
14 46 6
14 58 1
14 60 10
14 67 7
14 68 11
14 69 11
14 72 4
14 75 8
14 82 12
14 83 18
14 85 16
14 89 19
14 90 17
14 93 1
14 94 4
14 97 14
14 99 17
14 104 7
14 106 6
14 113 2
14 114 1
14 117 20
14 118 8
14 126 6
14 128 3
14 132 13
14 133 8
14 138 6
14 141 1
14 142 9
14 145 3
14 155 1
14 157 6
14 162 1
14 163 17
14 168 11
14 171 8
14 172 4
14 173 16
14 178 13
14 179 9
14 184 3
14 186 20
14 188 8
14 189 10
14 193 16
14 194 7
14 195 20
14 197 7
14 198 9
15 18 4
15 20 20
15 22 12
15 29 17
15 36 13
15 37 3
15 40 6
15 42 11
15 46 2
15 47 1
15 49 6
15 50 2
15 53 13
15 62 5
15 64 13
15 77 12
15 78 4
15 87 13
15 88 15
15 91 17
15 98 5
15 101 20
15 106 7
15 107 9
15 110 8
15 111 16
15 113 4
15 114 4
15 118 3
15 120 7
15 121 11
15 122 8
15 129 14
15 139 11
15 143 5
15 146 14
15 148 11
15 154 6
15 158 16
15 160 4
15 163 17
15 167 15
15 178 13
15 182 5
15 183 20
15 187 20
15 192 20
15 196 18
15 198 9
15 199 16
16 20 2
16 21 5
16 25 11
16 29 5
16 34 13
16 36 15
16 40 3
16 47 12
16 49 9
16 51 12
16 55 8
16 57 12
16 63 9
16 65 7
16 75 11
16 80 3
16 81 2
16 85 17
16 88 18
16 99 19
16 102 3
16 105 12
16 106 8
16 110 19
16 112 8
16 116 9
16 121 6
16 126 13
16 129 4
16 131 2
16 132 13
16 133 12
16 139 3
16 147 1
16 148 9
16 149 2
16 159 1
16 167 17
16 169 20
16 172 16
16 181 4
16 183 15
16 186 13
16 187 1
16 190 20
17 21 15
17 22 1
17 31 9
17 34 14
17 38 4
17 39 8
17 48 7
17 50 12
17 52 16
17 53 20
17 54 17
17 57 16
17 63 11
17 71 18
17 75 6
17 79 6
17 80 16
17 81 14
17 87 5
17 88 4
17 105 11
17 108 18
17 111 17
17 113 7
17 120 20
17 121 4
17 130 17
17 132 8
17 133 11
17 136 1
17 138 16
17 144 10
17 146 1
17 147 11
17 154 17
17 158 2
17 166 13
17 173 12
17 180 12
17 185 19
17 186 11
17 187 11
17 199 8
18 22 7
18 29 10
18 30 2
18 32 3
18 35 4
18 38 8
18 43 3
18 47 19
18 52 8
18 54 5
18 56 2
18 58 17
18 61 9
18 66 1
18 68 17
18 69 2
18 71 14
18 73 16
18 75 16
18 78 4
18 79 7
18 80 13
18 86 5
18 87 19
18 91 9
18 96 9
18 97 15
18 98 3
18 102 7
18 104 16
18 106 7
18 108 8
18 109 10
18 117 6
18 127 17
18 128 7
18 134 20
18 144 13
18 146 16
18 148 6
18 150 8
18 154 7
18 160 5
18 165 15
18 166 7
18 167 6
18 169 5
18 173 9
18 182 13
18 183 15
18 186 16
18 194 14
18 198 19
19 28 20
19 32 1
19 33 8
19 35 20
19 41 3
19 43 18
19 50 14
19 52 3
19 54 10
19 57 8
19 58 16
19 68 12
19 69 14
19 80 18
19 82 17
19 84 4
19 87 14
19 88 1
19 89 11
19 90 18
19 98 10
19 102 17
19 103 10
19 106 4
19 107 14
19 110 3
19 111 1
19 124 18
19 125 8
19 129 1
19 132 2
19 133 6
19 140 4
19 141 13
19 144 14
19 145 12
19 148 5
19 155 18
19 159 19
19 160 19
19 162 18
19 165 1
19 166 2
19 176 13
19 177 2
19 182 11
19 184 5
19 186 17
19 190 11
19 191 20
19 196 15
19 197 5
19 199 3
20 31 3
20 36 1
20 38 12
20 45 18
20 49 14
20 63 9
20 74 19
20 75 11
20 87 7
20 103 8
20 107 3
20 111 4
20 112 4
20 119 15
20 120 20
20 123 3
20 124 2
20 127 12
20 128 7
20 130 15
20 135 20
20 137 6
20 140 13
20 143 2
20 144 16
20 145 9
20 152 18
20 155 4
20 158 3
20 161 8
20 167 13
20 168 9
20 169 10
20 170 2
20 172 16
20 175 18
20 178 18
20 180 3
20 182 7
20 185 15
20 186 3
20 188 2
20 198 17
21 25 13
21 32 18
21 36 3
21 37 15
21 41 16
21 45 20
21 47 10
21 53 19
21 59 11
21 62 20
21 63 17
21 64 10
21 65 20
21 66 15
21 68 8
21 76 15
21 82 4
21 83 8
21 85 7
21 86 19
21 93 20
21 99 3
21 102 6
21 104 7
21 106 10
21 108 5
21 110 3
21 112 10
21 118 20
21 122 5
21 135 10
21 137 14
21 139 6
21 145 3
21 157 2
21 161 16
21 162 17
21 164 16
21 166 17
21 170 3
21 172 1
21 176 9
21 178 17
21 180 10
21 181 10
21 184 16
21 190 17
21 191 2
21 193 6
21 196 5
22 25 11
22 26 8
22 37 19
22 43 8
22 44 19
22 56 7
22 61 5
22 62 4
22 64 8
22 67 4
22 68 5
22 69 10
22 70 13
22 74 9
22 86 12
22 96 15
22 97 15
22 103 13
22 107 3
22 114 20
22 115 17
22 116 15
22 121 5
22 127 11
22 133 19
22 146 10
22 151 7
22 156 12
22 162 3
22 174 8
22 176 1
22 178 16
22 184 3
22 187 11
22 194 4
22 197 7
23 24 11
23 34 12
23 49 16
23 52 9
23 54 4
23 57 9
23 58 9
23 61 17
23 63 3
23 65 15
23 72 4
23 77 20
23 85 2
23 88 17
23 91 16
23 95 11
23 99 10
23 106 17
23 108 4
23 109 6
23 110 12
23 114 5
23 115 19
23 125 18
23 132 2
23 133 20
23 136 9
23 138 5
23 145 15
23 146 8
23 152 9
23 156 18
23 158 17
23 170 16
23 178 9
24 35 2
24 36 16
24 41 13
24 46 13
24 50 5
24 54 8
24 62 19
24 65 13
24 68 4
24 71 16
24 73 11
24 76 13
24 77 4
24 78 2
24 79 16
24 80 13
24 84 2
24 85 7
24 88 7
24 100 11
24 104 12
24 105 13
24 106 15
24 107 13
24 110 20
24 112 4
24 114 4
24 115 12
24 125 12
24 127 7
24 128 18
24 135 15
24 140 3
24 142 8
24 154 3
24 158 13
24 167 5
24 170 18
24 173 3
24 174 7
24 175 8
24 178 15
24 180 10
24 194 6
24 196 3
24 198 4
24 199 18
25 30 4
25 32 3
25 41 14
25 52 14
25 53 11
25 58 12
25 65 11
25 66 19
25 68 13
25 75 16
25 76 16
25 81 13
25 83 7
25 86 6
25 90 15
25 97 11
25 99 14
25 109 13
25 110 6
25 118 8
25 119 3
25 120 1
25 126 14
25 127 18
25 129 17
25 131 17
25 140 13
25 142 10
25 150 11
25 156 8
25 162 19
25 173 14
25 175 13
25 176 3
25 178 20
25 179 7
25 181 15
25 183 12
25 184 10
25 185 11
25 188 12
25 190 3
25 194 12
25 195 20
25 198 11
25 199 13
26 27 12
26 31 11
26 32 8
26 41 13
26 44 5
26 51 17
26 54 12
26 57 10
26 59 3
26 60 2
26 72 13
26 76 9
26 87 16
26 88 13
26 90 10
26 93 10
26 94 8
26 96 17
26 99 1
26 102 8
26 109 20
26 115 18
26 119 4
26 120 18
26 123 12
26 124 10
26 134 7
26 135 15
26 139 1
26 146 7
26 150 12
26 151 11
26 163 13
26 165 15
26 166 7
26 171 7
26 174 14
26 183 6
26 188 5
26 191 14
26 192 11
26 195 15
26 198 1
27 36 9
27 40 4
27 48 1
27 58 17
27 66 19
27 67 5
27 73 7
27 76 16
27 84 9
27 89 3
27 102 8
27 109 7
27 110 2
27 112 13
27 114 17
27 115 1
27 126 14
27 133 13
27 139 13
27 141 6
27 149 17
27 150 11
27 159 18
27 168 7
27 174 4
27 180 12
27 186 12
27 189 1
27 191 3
27 194 7
27 198 5
27 199 2
28 31 10
28 33 7
28 37 16
28 43 15
28 45 12
28 47 14
28 51 16
28 52 13
28 60 5
28 69 8
28 71 14
28 77 15
28 80 13
28 85 11
28 94 20
28 100 8
28 101 3
28 105 14
28 106 9
28 112 15
28 118 4
28 136 1
28 137 11
28 147 20
28 152 9
28 153 2
28 154 17
28 155 2
28 157 11
28 159 3
28 162 4
28 163 4
28 164 18
28 166 15
28 179 1
28 183 15
28 186 13
28 189 1
28 190 8
28 191 9
28 195 10
28 196 3
28 197 12
28 198 10
29 37 18
29 47 6
29 50 15
29 56 15
29 58 14
29 61 20
29 62 12
29 66 16
29 86 14
29 90 9
29 93 9
29 97 13
29 99 5
29 107 14
29 109 15
29 111 6
29 114 3
29 119 1
29 127 8
29 128 15
29 133 18
29 136 17
29 139 4
29 140 20
29 146 2
29 152 8
29 156 18
29 159 5
29 162 10
29 168 12
29 171 14
29 175 18
29 176 18
29 179 19
29 184 19
29 189 2
29 191 4
29 192 2
29 195 5
30 42 19
30 44 7
30 45 12
30 49 13
30 51 13
30 54 7
30 57 18
30 63 15
30 65 16
30 68 17
30 70 11
30 79 17
30 83 4
30 91 15
30 100 7
30 107 18
30 108 2
30 109 3
30 112 3
30 115 18
30 116 13
30 118 18
30 125 17
30 127 10
30 128 14
30 135 19
30 136 2
30 154 14
30 159 5
30 160 8
30 162 16
30 163 1
30 168 5
30 173 6
30 175 18
30 179 20
30 180 2
30 183 4
30 188 1
30 189 4
30 193 11
30 197 17
30 199 8
31 38 3
31 39 16
31 48 1
31 50 17
31 55 14
31 61 19
31 65 2
31 67 9
31 69 5
31 73 3
31 74 9
31 76 15
31 81 2
31 88 15
31 96 12
31 97 2
31 111 4
31 117 1
31 121 16
31 123 9
31 125 19
31 129 12
31 133 20
31 136 10
31 139 15
31 150 14
31 152 15
31 155 3
31 163 19
31 177 1
31 179 11
31 181 16
31 183 9
31 184 13
31 187 14
31 188 10
31 190 7
31 192 2
31 199 16
32 37 6
32 38 15
32 40 18
32 41 1
32 45 19
32 47 16
32 51 5
32 63 6
32 67 3
32 69 14
32 70 14
32 75 14
32 80 11
32 81 15
32 95 8
32 96 18
32 97 19
32 98 7
32 99 2
32 101 4
32 106 19
32 117 14
32 118 7
32 126 20
32 142 6
32 144 9
32 150 3
32 152 20
32 153 17
32 154 13
32 161 9
32 173 4
32 176 2
32 177 7
32 179 15
32 183 20
32 185 2
32 188 7
32 191 5
32 195 3
33 38 6
33 48 8
33 53 16
33 54 1
33 57 8
33 58 20
33 62 7
33 64 20
33 65 16
33 68 18
33 71 4
33 81 13
33 85 7
33 90 12
33 91 15
33 93 12
33 94 9
33 98 18
33 101 3
33 102 12
33 104 19
33 114 11
33 128 14
33 138 11
33 142 5
33 146 2
33 150 3
33 151 3
33 154 6
33 159 2
33 161 13
33 171 20
33 181 14
33 182 12
33 189 12
33 192 3
34 37 16
34 38 10
34 44 5
34 54 8
34 59 19
34 64 18
34 67 3
34 74 15
34 77 13
34 79 9
34 86 2
34 89 5
34 91 12
34 93 19
34 95 12
34 98 7
34 99 11
34 107 17
34 108 5
34 109 11
34 114 4
34 119 16
34 122 7
34 129 10
34 134 14
34 137 5
34 140 4
34 141 20
34 144 14
34 146 5
34 156 18
34 158 9
34 162 4
34 168 10
34 169 5
34 173 16
34 176 8
34 186 8
35 36 15
35 39 5
35 47 6
35 48 5
35 51 14
35 55 14
35 56 15
35 58 7
35 66 3
35 70 20
35 71 16
35 77 2
35 85 1
35 89 18
35 101 12
35 102 2
35 103 1
35 114 16
35 119 14
35 123 13
35 124 8
35 128 16
35 142 19
35 143 15
35 144 11
35 146 18
35 157 6
35 166 13
35 171 1
35 172 6
35 186 10
36 44 16
36 46 7
36 48 11
36 50 2
36 53 7
36 57 2
36 59 7
36 66 18
36 74 13
36 76 4
36 81 8
36 83 16
36 92 2
36 95 5
36 98 10
36 106 13
36 109 5
36 112 11
36 114 5
36 115 5
36 116 16
36 123 13
36 127 16
36 132 4
36 133 8
36 134 3
36 136 19
36 139 20
36 141 15
36 148 17
36 149 1
36 150 12
36 154 9
36 158 12
36 159 4
36 162 11
36 163 15
36 164 12
36 166 10
36 168 9
36 177 3
36 178 20
36 179 11
36 180 1
36 182 12
36 184 8
36 186 19
36 187 8
36 188 15
36 189 10
36 193 20
36 199 8
37 40 15
37 42 2
37 44 13
37 46 17
37 49 12
37 51 8
37 52 17
37 53 2
37 54 17
37 56 2
37 57 8
37 65 14
37 67 1
37 69 4
37 70 3
37 71 12
37 72 5
37 73 18
37 80 13
37 90 3
37 91 5
37 93 3
37 94 13
37 95 13
37 96 6
37 97 13
37 98 6
37 103 12
37 107 18
37 109 3
37 113 4
37 119 18
37 121 11
37 123 8
37 126 7
37 127 6
37 132 1
37 134 1
37 138 11
37 142 17
37 145 5
37 157 4
37 158 16
37 185 8
37 189 5
37 190 14
37 195 17
37 198 19
38 43 17
38 49 4
38 60 5
38 62 15
38 63 15
38 64 9
38 67 2
38 69 8
38 70 13
38 73 3
38 75 12
38 76 9
38 79 3
38 94 1
38 97 10
38 99 8
38 102 16
38 105 16
38 110 3
38 113 12
38 114 7
38 121 17
38 127 6
38 132 13
38 136 7
38 148 13
38 151 13
38 153 17
38 155 20
38 157 9
38 166 14
38 168 15
38 173 8
38 180 10
38 187 10
38 189 2
38 191 13
38 193 4
38 195 5
38 199 5
39 47 17
39 49 15
39 58 18
39 62 16
39 65 13
39 67 1
39 68 2
39 69 16
39 79 6
39 81 2
39 84 12
39 94 17
39 96 3
39 100 12
39 105 11
39 116 13
39 120 2
39 125 8
39 126 16
39 128 7
39 129 1
39 134 3
39 138 11
39 139 3
39 144 3
39 147 4
39 148 16
39 158 19
39 160 19
39 170 12
39 176 5
39 181 15
39 182 11
39 184 10
39 185 4
39 186 4
40 49 5
40 52 8
40 53 4
40 57 9
40 60 20
40 61 9
40 68 17
40 70 20
40 72 10
40 76 7
40 80 5
40 83 1
40 84 10
40 90 6
40 91 6
40 93 10
40 95 20
40 98 11
40 99 3
40 102 4
40 106 20
40 107 9
40 108 9
40 116 6
40 119 18
40 122 16
40 123 16
40 127 1
40 132 14
40 138 3
40 144 2
40 146 9
40 148 7
40 153 7
40 154 17
40 156 19
40 158 10
40 167 10
40 169 17
40 170 1
40 178 9
40 179 5
40 185 2
40 186 18
40 190 2
40 193 15
41 52 3
41 56 1
41 58 13
41 60 6
41 65 10
41 68 10
41 77 19
41 81 9
41 94 6
41 99 17
41 101 19
41 106 16
41 107 20
41 108 7
41 110 10
41 112 15
41 124 18
41 127 16
41 132 12
41 142 15
41 144 1
41 145 4
41 148 14
41 150 1
41 160 20
41 161 16
41 163 5
41 165 18
41 167 6
41 182 6
41 189 19
41 190 18
41 191 7
42 47 3
42 49 4
42 50 10
42 53 8
42 55 17
42 58 13
42 63 17
42 65 8
42 79 12
42 82 17
42 86 17
42 94 7
42 101 13
42 110 14
42 116 11
42 127 13
42 128 12
42 131 12
42 140 12
42 145 20
42 146 7
42 153 13
42 154 11
42 156 19
42 160 5
42 162 3
42 163 17
42 165 17
42 172 6
42 176 14
42 181 16
42 182 14
42 184 11
42 189 14
43 46 10
43 50 15
43 53 10
43 56 18
43 63 3
43 68 9
43 70 14
43 71 4
43 76 6
43 86 10
43 93 2
43 95 12
43 97 19
43 98 2
43 106 12
43 113 9
43 118 15
43 120 8
43 127 15
43 129 15
43 130 2
43 134 9
43 135 16
43 137 13
43 141 6
43 143 16
43 154 3
43 155 10
43 157 3
43 158 8
43 159 12
43 160 17
43 161 2
43 162 3
43 164 6
43 165 19
43 168 13
43 179 6
43 185 11
43 186 14
43 188 1
43 190 7
43 195 11
43 197 7
43 199 10
44 48 20
44 60 3
44 63 12
44 64 17
44 66 1
44 72 19
44 74 16
44 75 2
44 76 1
44 77 9
44 82 6
44 85 7
44 97 5
44 99 5
44 100 5
44 107 18
44 110 5
44 111 15
44 119 3
44 123 13
44 124 2
44 126 7
44 128 18
44 130 17
44 135 8
44 145 7
44 151 19
44 155 4
44 156 1
44 158 13
44 165 15
44 172 1
44 178 13
44 183 19
44 187 4
44 188 3
44 192 4
44 193 16
45 54 20
45 55 3
45 59 20
45 64 18
45 66 8
45 70 11
45 71 8
45 73 12
45 77 15
45 78 2
45 82 7
45 95 14
45 96 20
45 97 13
45 100 13
45 106 16
45 107 14
45 108 20
45 111 7
45 115 13
45 119 14
45 124 8
45 129 8
45 130 11
45 132 6
45 169 20
45 172 13
45 180 17
45 185 14
45 190 2
45 191 6
45 193 16
45 194 7
45 196 19
46 49 10
46 50 5
46 53 12
46 54 11
46 55 12
46 57 9
46 66 14
46 74 8
46 75 6
46 80 4
46 83 17
46 85 20
46 86 4
46 92 6
46 99 17
46 101 14
46 102 2
46 104 18
46 107 4
46 112 12
46 113 8
46 118 16
46 119 3
46 123 5
46 130 19
46 133 8
46 134 11
46 139 10
46 141 11
46 146 13
46 150 2
46 154 4
46 156 9
46 157 10
46 159 3
46 165 10
46 167 14
46 168 19
46 173 4
46 177 5
46 181 10
46 184 20
46 186 7
46 188 6
47 50 14
47 51 11
47 57 17
47 61 13
47 65 9
47 66 10
47 68 11
47 71 2
47 73 10
47 78 2
47 80 12
47 82 18
47 89 2
47 94 7
47 100 1
47 104 19
47 109 3
47 112 2
47 117 8
47 118 5
47 121 19
47 122 3
47 123 13
47 124 5
47 131 20
47 137 9
47 143 12
47 149 10
47 150 2
47 152 17
47 154 3
47 156 15
47 160 11
47 162 16
47 165 10
47 166 15
47 174 18
47 176 1
47 177 2
47 181 11
47 182 12
47 193 9
47 196 10
47 199 13
48 51 12
48 55 11
48 56 13
48 67 20
48 73 5
48 88 19
48 91 12
48 103 18
48 105 7
48 108 9
48 109 12
48 118 3
48 122 8
48 137 7
48 141 2
48 148 18
48 149 19
48 152 8
48 158 10
48 170 1
48 184 4
48 189 1
48 198 2
49 50 8
49 55 1
49 57 19
49 58 13
49 60 18
49 67 16
49 70 4
49 72 5
49 78 20
49 80 18
49 81 19
49 88 5
49 100 10
49 102 1
49 105 8
49 111 20
49 115 9
49 125 3
49 126 20
49 129 2
49 130 14
49 131 11
49 150 15
49 153 12
49 162 19
49 163 5
49 168 18
49 178 12
49 183 11
49 184 20
49 186 13
50 52 11
50 59 9
50 60 6
50 64 8
50 70 16
50 75 18
50 84 6
50 93 11
50 96 3
50 99 10
50 102 20
50 103 15
50 109 5
50 113 16
50 114 8
50 117 13
50 121 13
50 124 3
50 126 14
50 128 11
50 132 4
50 133 18
50 135 10
50 140 6
50 145 4
50 149 2
50 153 3
50 154 11
50 160 20
50 161 16
50 168 14
50 169 20
50 174 13
50 177 4
50 182 1
50 187 11
50 194 4
50 198 17
51 54 12
51 55 1
51 60 10
51 67 15
51 68 7
51 70 16
51 75 20
51 77 16
51 78 16
51 84 15
51 85 16
51 96 3
51 101 20
51 103 5
51 106 16
51 119 8
51 120 15
51 123 9
51 125 18
51 128 9
51 131 20
51 136 11
51 137 7
51 146 4
51 149 17
51 150 9
51 158 9
51 159 1
51 160 20
51 162 19
51 164 7
51 168 14
51 171 11
51 175 15
51 182 2
51 183 9
51 184 7
51 186 2
51 188 14
51 197 8
52 59 11
52 62 1
52 65 4
52 67 17
52 68 17
52 76 16
52 87 1
52 88 6
52 90 6
52 91 17
52 92 16
52 98 4
52 101 8
52 111 8
52 118 14
52 124 18
52 131 4
52 134 7
52 142 5
52 146 9
52 149 1
52 150 11
52 151 4
52 155 13
52 157 20
52 158 9
52 160 10
52 162 5
52 168 8
52 175 19
52 181 14
52 187 5
52 188 15
52 192 20
52 194 19
52 199 20
53 55 8
53 66 1
53 69 8
53 72 16
53 75 7
53 76 15
53 77 17
53 82 5
53 84 11
53 85 10
53 87 20
53 90 1
53 91 9
53 101 2
53 104 10
53 109 2
53 113 18
53 116 14
53 118 7
53 119 19
53 123 17
53 124 20
53 129 10
53 136 2
53 140 14
53 142 7
53 144 5
53 145 20
53 147 11
53 152 2
53 155 14
53 168 18
53 171 2
53 181 15
53 185 20
53 188 13
53 190 20
53 194 16
53 196 4
54 62 15
54 63 5
54 66 10
54 68 12
54 74 10
54 78 9
54 83 12
54 87 10
54 88 6
54 93 17
54 103 9
54 110 14
54 112 18
54 117 12
54 126 5
54 127 13
54 136 4
54 160 1
54 165 12
54 167 20
54 171 16
54 176 7
54 181 12
54 191 13
54 194 11
55 59 18
55 62 18
55 81 6
55 84 12
55 85 6
55 94 18
55 101 4
55 110 14
55 120 13
55 121 1
55 123 6
55 137 8
55 144 4
55 145 9
55 148 10
55 151 17
55 152 1
55 155 20
55 162 16
55 169 7
55 170 3
55 175 5
55 176 6
55 177 18
55 179 5
55 184 2
55 192 10
55 193 15
55 194 14
55 195 15
55 199 19
56 61 14
56 64 3
56 65 4
56 68 18
56 70 12
56 74 19
56 78 20
56 90 12
56 94 8
56 95 6
56 96 3
56 99 2
56 102 19
56 104 7
56 108 3
56 115 16
56 124 5
56 135 15
56 136 17
56 139 10
56 152 9
56 159 12
56 162 11
56 164 1
56 165 7
56 170 5
56 172 4
56 174 17
56 179 14
56 190 14
56 194 14
56 195 11
56 197 2
57 58 7
57 61 14
57 63 20
57 67 5
57 88 17
57 89 17
57 91 3
57 92 1
57 98 18
57 100 15
57 102 16
57 108 9
57 112 17
57 119 12
57 121 9
57 125 18
57 127 5
57 131 18
57 140 3
57 144 3
57 146 17
57 149 5
57 153 11
57 154 13
57 158 10
57 168 19
57 172 5
57 173 11
57 175 19
57 176 5
57 181 2
57 186 5
57 187 5
57 190 6
57 191 11
57 196 11
57 198 1
58 60 2
58 65 14
58 67 2
58 68 19
58 75 17
58 77 17
58 78 9
58 79 3
58 88 16
58 94 11
58 95 4
58 99 4
58 109 1
58 110 12
58 112 11
58 113 16
58 114 9
58 115 13
58 121 13
58 124 4
58 130 6
58 132 12
58 142 3
58 143 3
58 146 8
58 151 11
58 155 3
58 157 7
58 160 10
58 162 6
58 165 14
58 167 15
58 168 12
58 169 16
58 170 10
58 172 14
58 173 19
58 176 11
58 177 17
58 178 14
58 179 3
58 183 4
58 184 20
58 188 19
58 193 15
58 195 1
59 60 8
59 61 6
59 63 7
59 67 10
59 70 16
59 71 14
59 74 18
59 83 16
59 86 3
59 88 13
59 89 10
59 92 9
59 100 18
59 106 13
59 109 14
59 113 9
59 116 15
59 121 17
59 126 18
59 131 10
59 142 5
59 153 7
59 154 17
59 158 4
59 163 8
59 164 5
59 168 16
59 180 14
59 183 5
59 193 19
59 194 18
60 61 17
60 63 19
60 66 8
60 67 13
60 68 3
60 72 16
60 76 12
60 96 8
60 97 2
60 100 20
60 102 10
60 103 3
60 104 2
60 108 2
60 113 6
60 117 12
60 122 12
60 125 8
60 126 16
60 128 13
60 129 6
60 130 7
60 133 19
60 138 17
60 139 12
60 151 3
60 155 13
60 159 6
60 160 1
60 161 14
60 163 5
60 167 12
60 169 20
60 171 13
60 173 8
60 179 20
60 188 7
60 192 11
60 193 11
60 194 18
60 195 11
60 196 5
61 63 13
61 67 13
61 85 18
61 95 10
61 96 6
61 98 1
61 100 17
61 106 17
61 107 3
61 109 18
61 115 11
61 122 3
61 123 16
61 127 7
61 128 4
61 134 18
61 150 11
61 151 11
61 157 3
61 158 10
61 159 4
61 161 18
61 163 18
61 169 13
61 178 4
61 182 1
61 190 1
61 194 15
61 197 8
62 63 10
62 64 10
62 68 3
62 70 20
62 74 3
62 84 8
62 88 13
62 102 12
62 107 10
62 109 7
62 120 19
62 121 16
62 125 4
62 126 20
62 144 4
62 149 11
62 156 20
62 168 13
62 169 5
62 171 3
62 174 11
62 181 2
62 187 18
62 188 13
62 189 15
62 190 10
62 192 7
62 198 1
63 64 7
63 70 6
63 71 11
63 72 19
63 73 12
63 74 5
63 75 8
63 82 4
63 85 6
63 86 15
63 95 7
63 101 6
63 120 4
63 129 20
63 149 14
63 150 19
63 153 8
63 156 11
63 173 9
63 176 17
63 182 7
63 183 20
63 185 18
63 186 18
63 191 6
63 193 3
63 199 18
64 74 13
64 75 7
64 77 13
64 83 3
64 85 10
64 86 7
64 90 15
64 92 9
64 102 13
64 103 9
64 104 11
64 106 4
64 107 1
64 113 3
64 117 18
64 118 4
64 122 16
64 125 3
64 127 7
64 132 10
64 135 18
64 136 10
64 143 11
64 145 8
64 146 1
64 155 10
64 158 6
64 159 7
64 165 19
64 171 20
64 172 19
64 180 16
64 182 13
64 186 17
64 191 9
64 194 9
64 199 10
65 71 20
65 78 17
65 80 8
65 81 12
65 83 11
65 85 9
65 90 9
65 93 7
65 107 10
65 113 18
65 121 9
65 122 3
65 125 3
65 128 19
65 129 1
65 135 17
65 143 5
65 145 14
65 150 19
65 155 2
65 158 8
65 159 8
65 170 19
65 174 14
65 183 11
65 188 3
65 191 17
65 193 7
65 199 8
66 75 2
66 85 17
66 90 1
66 97 14
66 98 9
66 103 17
66 108 17
66 110 8
66 111 10
66 112 1
66 115 14
66 116 11
66 117 4
66 119 12
66 120 14
66 121 3
66 123 15
66 124 19
66 131 20
66 135 16
66 136 19
66 146 4
66 148 13
66 151 18
66 159 9
66 162 9
66 164 1
66 167 11
66 171 19
66 173 11
66 180 18
66 181 7
66 184 13
66 185 18
66 188 14
66 193 20
66 198 1
66 199 4
67 68 14
67 74 13
67 77 15
67 84 12
67 91 11
67 97 13
67 99 18
67 103 15
67 112 10
67 113 16
67 124 9
67 125 7
67 128 6
67 141 9
67 148 12
67 151 7
67 152 20
67 155 13
67 156 12
67 157 3
67 158 19
67 160 20
67 163 15
67 164 14
67 165 17
67 167 4
67 179 10
67 185 4
67 188 2
68 72 7
68 76 12
68 77 16
68 78 13
68 87 14
68 93 5
68 94 10
68 97 19
68 99 6
68 103 17
68 105 1
68 110 1
68 113 2
68 114 2
68 119 3
68 120 11
68 122 16
68 123 11
68 128 3
68 129 20
68 143 11
68 150 7
68 162 12
68 173 9
68 177 4
68 182 14
68 188 15
68 190 10
68 191 13
68 192 19
68 195 19
69 71 18
69 73 20
69 74 14
69 80 2
69 83 8
69 87 7
69 94 18
69 100 8
69 101 1
69 108 7
69 109 13
69 110 3
69 111 17
69 115 18
69 116 1
69 117 3
69 119 4
69 121 12
69 123 13
69 139 10
69 142 11
69 145 19
69 147 10
69 149 17
69 150 18
69 153 10
69 154 13
69 156 16
69 160 15
69 163 11
69 165 3
69 173 13
69 181 7
69 183 11
69 184 4
69 194 17
70 84 19
70 90 9
70 92 6
70 93 16
70 96 12
70 97 12
70 100 3
70 101 15
70 105 15
70 127 11
70 129 14
70 137 19
70 139 6
70 141 11
70 144 20
70 147 4
70 148 3
70 149 6
70 151 1
70 155 19
70 164 1
70 169 14
70 176 2
70 186 2
70 190 1
70 195 12
71 76 15
71 78 9
71 86 2
71 88 5
71 90 8
71 93 2
71 106 12
71 107 20
71 112 5
71 118 3
71 137 15
71 140 1
71 144 3
71 149 6
71 154 8
71 161 14
71 163 9
71 167 9
71 168 9
71 172 19
71 174 7
71 180 20
71 181 5
71 186 5
71 199 2
72 73 14
72 77 15
72 85 10
72 94 14
72 98 8
72 104 20
72 106 19
72 108 7
72 112 4
72 113 5
72 118 8
72 120 15
72 121 4
72 123 16
72 124 2
72 125 12
72 130 16
72 133 5
72 141 2
72 143 6
72 145 4
72 160 11
72 164 13
72 167 8
72 168 3
72 171 1
72 174 15
72 176 2
72 178 15
72 180 7
72 185 9
72 187 5
72 193 11
72 196 15
73 80 13
73 84 17
73 89 7
73 94 12
73 95 2
73 98 14
73 102 2
73 105 16
73 110 2
73 113 6
73 116 19
73 120 8
73 121 2
73 125 12
73 126 13
73 129 4
73 132 4
73 139 15
73 146 15
73 149 16
73 150 2
73 152 11
73 153 12
73 154 13
73 155 4
73 157 4
73 160 7
73 164 17
73 173 16
73 180 2
73 185 10
73 190 1
73 191 12
73 192 9
73 193 4
73 197 2
73 198 7
74 75 4
74 78 6
74 81 5
74 83 2
74 90 15
74 92 20
74 96 14
74 101 16
74 103 11
74 105 11
74 109 7
74 112 2
74 118 7
74 121 2
74 122 7
74 124 13
74 125 14
74 127 1
74 128 4
74 130 7
74 133 16
74 146 6
74 150 17
74 152 19
74 153 13
74 155 4
74 162 3
74 164 2
74 169 4
74 176 19
74 181 6
74 183 17
74 187 1
74 189 13
74 192 8
74 194 14
74 196 1
74 197 10
75 79 8
75 85 13
75 91 19
75 94 6
75 99 6
75 100 1
75 107 20
75 114 16
75 115 11
75 120 15
75 126 7
75 128 9
75 130 19
75 133 19
75 134 6
75 143 9
75 145 5
75 146 10
75 147 8
75 161 17
75 166 6
75 171 4
75 173 6
75 176 5
75 178 8
75 183 5
75 190 19
75 194 1
75 196 17
76 77 1
76 78 15
76 79 18
76 86 16
76 87 12
76 92 11
76 93 3
76 94 4
76 95 20
76 101 14
76 105 4
76 112 10
76 116 4
76 118 15
76 120 15
76 123 14
76 125 6
76 132 15
76 134 15
76 136 2
76 141 14
76 145 5
76 150 3
76 157 2
76 159 10
76 162 7
76 165 7
76 173 4
76 175 2
76 179 14
76 182 1
76 185 5
77 79 3
77 80 4
77 82 9
77 90 4
77 107 16
77 108 1
77 110 7
77 121 3
77 128 16
77 133 14
77 137 12
77 138 12
77 140 17
77 143 14
77 144 15
77 147 14
77 149 13
77 158 7
77 159 18
77 162 6
77 163 2
77 167 6
77 169 6
77 174 15
77 179 2
77 184 8
77 187 16
77 188 12
77 190 9
77 193 5
77 194 10
78 80 1
78 82 6
78 95 9
78 101 4
78 102 18
78 103 9
78 104 8
78 113 12
78 114 13
78 117 17
78 137 10
78 143 2
78 146 4
78 148 15
78 154 6
78 161 9
78 166 5
78 179 1
78 180 19
78 184 3
78 185 16
78 191 3
78 193 2
78 194 5
78 199 18
79 80 6
79 85 17
79 91 3
79 100 20
79 105 13
79 106 8
79 108 5
79 113 17
79 118 3
79 122 1
79 126 15
79 134 9
79 136 20
79 140 6
79 142 5
79 143 6
79 145 10
79 148 17
79 150 5
79 152 4
79 153 10
79 154 3
79 155 8
79 157 14
79 158 19
79 167 19
79 170 5
79 172 14
79 174 8
79 175 14
79 176 3
79 186 5
79 189 16
79 190 3
79 194 6
79 198 11
79 199 16
80 82 4
80 84 7
80 86 19
80 90 1
80 96 10
80 99 20
80 103 19
80 106 20
80 113 9
80 114 19
80 118 12
80 119 20
80 122 1
80 124 7
80 133 4
80 135 4
80 136 3
80 140 15
80 148 7
80 151 10
80 157 18
80 167 2
80 170 9
80 176 2
80 177 5
80 178 13
80 179 18
80 181 15
80 183 4
80 187 8
80 195 17
80 196 4
81 84 18
81 87 8
81 89 2
81 91 7
81 92 18
81 96 2
81 97 10
81 98 2
81 101 19
81 103 14
81 108 20
81 110 18
81 111 12
81 112 5
81 114 1
81 116 3
81 118 15
81 119 13
81 125 16
81 128 20
81 130 13
81 132 16
81 151 10
81 155 18
81 158 14
81 159 17
81 163 16
81 167 17
81 168 8
81 170 6
81 175 16
81 177 11
81 180 17
81 181 3
81 183 6
81 186 14
81 187 1
81 188 17
81 194 6
81 198 15
82 84 10
82 98 13
82 103 7
82 106 15
82 108 12
82 109 2
82 115 20
82 117 7
82 119 5
82 122 20
82 126 8
82 136 10
82 142 17
82 145 20
82 146 1
82 151 15
82 155 17
82 163 2
82 167 1
82 173 3
82 175 4
82 178 10
82 179 6
82 181 11
82 186 8
82 189 7
82 193 1
82 197 10
82 198 9
83 85 1
83 86 14
83 87 7
83 90 2
83 91 19
83 95 7
83 97 16
83 103 19
83 104 20
83 106 1
83 108 14
83 109 1
83 112 3
83 113 1
83 122 13
83 124 19
83 126 19
83 130 15
83 143 3
83 146 2
83 148 16
83 151 12
83 155 8
83 160 13
83 162 17
83 180 3
83 185 17
83 188 12
83 191 2
83 198 18
83 199 5
84 86 15
84 87 12
84 88 18
84 89 9
84 93 20
84 94 11
84 99 9
84 100 9
84 105 8
84 107 13
84 108 2
84 117 1
84 120 19
84 126 4
84 128 17
84 132 14
84 133 11
84 134 13
84 135 2
84 144 16
84 148 20
84 149 13
84 152 15
84 156 18
84 160 6
84 161 7
84 164 14
84 170 9
84 171 20
84 172 8
84 176 7
84 182 4
84 186 1
84 188 6
84 192 8
84 194 2
84 198 17
84 199 12
85 86 8
85 90 3
85 98 15
85 100 1
85 102 5
85 107 2
85 111 12
85 117 2
85 118 11
85 123 11
85 126 16
85 127 15
85 129 12
85 135 12
85 136 9
85 137 10
85 139 13
85 143 5
85 146 4
85 149 12
85 151 6
85 155 3
85 174 4
85 178 16
85 179 7
85 183 13
85 191 18
85 193 12
85 194 17
85 196 16
86 90 3
86 96 13
86 109 19
86 110 8
86 117 10
86 129 20
86 131 5
86 140 1
86 143 4
86 149 20
86 156 4
86 163 12
86 165 7
86 167 8
86 171 19
86 175 11
86 180 15
86 183 4
86 190 11
86 193 14
87 94 19
87 97 15
87 105 4
87 106 3
87 107 15
87 109 10
87 110 8
87 114 5
87 115 4
87 119 19
87 122 11
87 123 8
87 129 4
87 133 18
87 136 18
87 137 14
87 147 8
87 148 19
87 151 14
87 152 10
87 163 12
87 167 10
87 170 20
87 171 7
87 173 7
87 182 11
87 185 2
87 191 8
87 192 18
87 193 10
87 197 2
88 91 17
88 92 17
88 93 2
88 104 5
88 106 6
88 114 16
88 115 18
88 117 17
88 118 7
88 120 10
88 123 9
88 127 1
88 128 11
88 130 8
88 132 13
88 134 3
88 136 10
88 138 8
88 140 18
88 151 11
88 153 6
88 158 1
88 159 15
88 160 1
88 163 9
88 164 2
88 165 7
88 168 18
88 169 15
88 176 6
88 178 7
88 182 18
88 183 18
88 187 19
88 192 18
88 193 5
88 196 1
88 198 1
89 92 9
89 94 20
89 96 7
89 99 2
89 102 16
89 105 5
89 106 18
89 107 6
89 108 8
89 111 12
89 115 8
89 117 9
89 118 15
89 123 12
89 128 8
89 139 20
89 142 20
89 144 11
89 145 13
89 146 20
89 151 3
89 157 9
89 161 17
89 162 11
89 164 4
89 173 7
89 176 5
89 185 7
89 196 7
89 197 10
89 198 18
90 91 7
90 92 4
90 94 5
90 96 6
90 99 18
90 100 1
90 104 13
90 106 13
90 108 8
90 113 3
90 123 12
90 125 3
90 129 4
90 130 4
90 131 11
90 132 17
90 137 13
90 143 7
90 144 13
90 146 6
90 153 2
90 154 4
90 158 9
90 159 10
90 160 17
90 161 6
90 162 1
90 163 17
90 164 11
90 189 20
90 191 2
90 192 4
90 194 2
90 195 3
91 93 14
91 96 14
91 103 3
91 105 20
91 114 5
91 115 17
91 117 12
91 121 10
91 122 5
91 126 14
91 142 7
91 150 13
91 156 12
91 165 4
91 166 17
91 170 17
91 173 20
91 178 10
91 180 6
91 181 14
91 183 17
91 184 20
91 188 1
91 192 10
92 100 18
92 102 18
92 103 18
92 104 15
92 105 18
92 107 7
92 114 1
92 115 9
92 117 19
92 119 5
92 122 1
92 124 16
92 130 16
92 134 12
92 140 3
92 141 2
92 144 12
92 157 9
92 160 15
92 174 11
92 176 9
92 177 11
92 178 16
92 179 5
92 181 16
92 188 11
92 191 6
92 194 19
92 197 6
93 94 2
93 95 7
93 98 9
93 103 9
93 105 10
93 111 3
93 115 8
93 119 5
93 130 9
93 135 19
93 136 1
93 145 19
93 150 17
93 152 8
93 154 11
93 157 1
93 159 15
93 165 8
93 167 3
93 168 4
93 170 8
93 172 11
93 175 18
93 176 17
93 178 9
93 181 6
93 187 16
93 190 18
93 191 14
93 195 15
93 196 3
93 197 15
93 199 20
94 97 11
94 98 5
94 103 15
94 107 4
94 109 13
94 113 7
94 114 12
94 121 16
94 122 17
94 125 10
94 126 19
94 127 1
94 128 9
94 131 12
94 134 18
94 136 7
94 138 12
94 139 10
94 142 12
94 155 4
94 158 6
94 164 9
94 169 4
94 170 1
94 174 18
94 176 17
94 177 6
94 178 1
94 179 9
94 180 19
94 191 14
94 194 11
94 195 2
94 197 9
94 199 17
95 96 6
95 102 10
95 104 9
95 106 15
95 107 12
95 108 14
95 109 17
95 122 16
95 135 17
95 138 17
95 146 7
95 147 7
95 156 5
95 157 10
95 158 8
95 160 10
95 162 1
95 165 8
95 167 15
95 172 18
95 179 12
95 182 3
95 183 13
95 184 4
95 185 9
95 189 5
95 190 17
95 191 15
95 193 2
95 199 11
96 98 14
96 101 9
96 102 6
96 103 12
96 105 18
96 110 7
96 112 9
96 115 17
96 119 13
96 124 6
96 126 2
96 128 13
96 130 11
96 135 8
96 137 17
96 138 3
96 140 6
96 141 4
96 146 19
96 149 15
96 150 2
96 152 10
96 153 7
96 155 17
96 158 4
96 159 9
96 166 11
96 172 15
96 173 2
96 178 11
96 185 15
96 186 12
96 192 2
96 195 18
97 99 15
97 108 9
97 111 15
97 113 12
97 118 17
97 121 14
97 125 10
97 128 4
97 129 5
97 131 2
97 140 5
97 142 7
97 144 17
97 150 3
97 155 7
97 158 2
97 159 1
97 160 10
97 162 7
97 165 7
97 167 7
97 170 16
97 175 7
97 183 4
97 186 2
97 187 17
98 105 18
98 115 10
98 124 10
98 130 11
98 131 9
98 132 14
98 134 16
98 139 19
98 145 13
98 146 20
98 152 18
98 155 20
98 157 19
98 158 17
98 159 3
98 160 6
98 163 7
98 167 20
98 171 12
98 173 9
98 179 4
98 184 15
98 189 20
98 190 9
99 100 5
99 109 2
99 111 20
99 112 11
99 114 12
99 128 4
99 130 16
99 131 8
99 134 2
99 135 18
99 139 14
99 143 13
99 145 1
99 147 12
99 149 12
99 156 10
99 160 13
99 161 18
99 164 18
99 165 15
99 167 15
99 170 8
99 174 11
99 176 11
99 178 5
99 180 16
99 181 3
99 183 16
99 193 13
99 195 15
99 198 4
99 199 6
100 104 17
100 105 5
100 114 13
100 121 6
100 123 4
100 129 2
100 134 4
100 136 4
100 141 14
100 150 2
100 155 7
100 158 19
100 161 2
100 167 6
100 173 19
100 174 14
100 175 15
100 179 3
100 187 2
100 189 7
100 190 4
101 103 6
101 105 4
101 108 10
101 111 19
101 113 2
101 115 19
101 120 12
101 122 4
101 126 4
101 131 18
101 141 13
101 146 16
101 147 11
101 154 3
101 155 7
101 159 4
101 160 18
101 162 4
101 164 1
101 168 10
101 169 2
101 170 16
101 178 11
101 182 14
101 184 19
101 191 8
101 193 8
101 198 17
102 104 13
102 117 13
102 118 8
102 119 16
102 122 10
102 124 4
102 125 6
102 127 14
102 132 17
102 133 13
102 140 11
102 144 20
102 146 19
102 153 3
102 156 12
102 164 20
102 179 6
102 181 13
102 183 14
102 187 1
102 189 1
102 192 16
102 196 5
102 199 10
103 105 13
103 106 5
103 109 10
103 111 4
103 122 10
103 131 13
103 132 15
103 138 5
103 142 18
103 145 5
103 148 9
103 150 7
103 153 11
103 154 20
103 155 4
103 159 8
103 161 13
103 168 19
103 175 2
103 176 11
103 177 9
103 179 6
103 194 8
103 195 16
103 199 14
104 106 3
104 120 12
104 121 10
104 122 7
104 123 2
104 130 12
104 133 20
104 137 3
104 142 16
104 154 5
104 155 20
104 156 5
104 158 11
104 160 5
104 161 8
104 165 8
104 166 6
104 170 8
104 173 9
104 174 15
104 176 15
104 179 1
104 180 13
104 181 10
104 188 11
104 192 3
104 194 9
104 197 15
104 198 15
105 108 16
105 113 3
105 117 13
105 119 18
105 120 16
105 121 10
105 123 20
105 125 6
105 126 11
105 133 2
105 146 4
105 151 3
105 152 2
105 153 6
105 156 15
105 161 12
105 162 9
105 167 18
105 168 6
105 169 13
105 176 13
105 180 16
105 181 12
105 186 16
105 193 14
105 198 12
106 108 20
106 110 7
106 113 3
106 116 18
106 117 7
106 121 1
106 125 1
106 127 16
106 128 3
106 129 5
106 130 20
106 132 9
106 134 3
106 138 15
106 139 2
106 142 2
106 148 16
106 149 10
106 150 7
106 151 13
106 153 13
106 154 10
106 159 15
106 161 4
106 163 10
106 164 1
106 173 12
106 176 14
106 178 8
106 179 10
106 182 18
106 183 4
106 185 20
106 190 10
106 191 5
106 194 16
106 199 17
107 109 15
107 114 4
107 123 11
107 125 2
107 127 15
107 132 19
107 137 15
107 138 4
107 150 15
107 151 12
107 153 11
107 155 17
107 160 17
107 163 11
107 165 15
107 175 4
107 176 18
107 180 13
107 190 9
107 195 1
107 196 16
107 198 15
108 109 17
108 114 6
108 125 6
108 130 6
108 137 20
108 138 14
108 142 20
108 143 10
108 144 16
108 145 1
108 150 19
108 158 11
108 160 14
108 164 6
108 166 18
108 167 4
108 172 10
108 175 15
108 184 16
108 190 12
108 192 10
108 197 10
109 110 10
109 116 8
109 135 11
109 136 14
109 138 8
109 140 2
109 141 14
109 143 16
109 149 20
109 150 15
109 151 19
109 153 17
109 156 6
109 161 15
109 166 18
109 167 9
109 173 3
109 175 12
109 186 13
109 190 17
109 192 10
109 195 8
110 113 10
110 116 11
110 122 10
110 128 6
110 129 1
110 134 3
110 135 2
110 137 10
110 138 6
110 141 3
110 145 10
110 172 6
110 173 19
110 175 11
110 185 10
110 188 15
110 190 18
110 197 11
110 198 11
111 115 2
111 118 19
111 119 7
111 120 13
111 136 4
111 146 18
111 150 17
111 151 4
111 155 5
111 163 4
111 164 7
111 173 15
111 174 14
111 177 10
111 180 16
111 182 4
111 183 15
111 186 16
111 190 14
111 191 16
111 196 19
112 117 4
112 123 15
112 126 9
112 127 7
112 129 20
112 131 18
112 135 5
112 137 5
112 138 17
112 143 1
112 144 13
112 148 13
112 149 9
112 153 8
112 162 20
112 166 1
112 168 1
112 172 7
112 173 5
112 178 2
112 181 8
112 182 2
112 186 14
112 193 9
112 194 2
112 195 9
112 199 15
113 118 14
113 119 14
113 127 14
113 129 13
113 130 5
113 133 7
113 136 16
113 137 5
113 140 17
113 145 11
113 147 7
113 150 11
113 151 10
113 154 11
113 159 17
113 161 6
113 167 17
113 169 11
113 174 9
113 183 10
113 191 6
113 192 10
113 193 9
113 199 9
114 119 9
114 122 18
114 125 10
114 127 14
114 129 11
114 135 10
114 137 8
114 138 3
114 143 6
114 149 12
114 152 12
114 157 19
114 162 5
114 172 15
114 176 13
114 178 18
114 182 15
114 189 5
114 198 17
114 199 1
115 118 18
115 119 9
115 126 7
115 128 13
115 131 1
115 139 2
115 140 16
115 149 10
115 155 10
115 161 2
115 164 10
115 177 9
115 178 5
115 180 20
115 184 15
116 117 17
116 120 2
116 121 8
116 127 3
116 142 16
116 145 18
116 146 20
116 149 13
116 150 17
116 157 13
116 159 11
116 161 12
116 165 12
116 171 3
116 172 11
116 174 6
116 176 2
116 177 5
116 181 13
116 182 15
116 183 14
116 186 14
116 187 3
116 189 20
116 190 6
116 192 14
116 198 6
117 118 4
117 124 10
117 128 3
117 129 7
117 130 16
117 141 7
117 143 14
117 144 6
117 146 12
117 151 1
117 152 11
117 157 14
117 161 19
117 172 3
117 179 14
117 183 9
117 188 16
117 189 16
117 195 13
117 196 12
118 126 16
118 128 7
118 135 16
118 136 14
118 138 11
118 142 2
118 149 14
118 152 3
118 159 19
118 160 2
118 170 2
118 173 14
118 174 15
118 177 7
118 178 13
118 179 15
118 180 9
118 190 16
118 193 19
118 199 4
119 122 5
119 128 5
119 132 9
119 138 4
119 139 3
119 140 4
119 143 18
119 144 2
119 147 13
119 159 1
119 161 5
119 165 5
119 169 14
119 170 15
119 171 4
119 174 15
119 175 12
119 176 2
119 181 1
119 186 11
119 188 6
119 199 19
120 121 12
120 122 7
120 124 20
120 126 15
120 133 9
120 137 17
120 140 11
120 141 17
120 144 10
120 145 4
120 147 2
120 148 8
120 150 8
120 153 7
120 154 15
120 156 19
120 159 15
120 166 13
120 169 8
120 170 17
120 173 12
120 174 7
120 175 12
120 181 12
120 182 17
120 184 11
120 188 5
120 194 15
120 196 4
120 199 15
121 124 15
121 125 15
121 128 16
121 129 14
121 134 14
121 140 19
121 145 18
121 151 7
121 153 20
121 162 5
121 165 2
121 171 12
121 179 8
121 186 15
121 189 8
121 191 20
121 193 2
122 124 14
122 128 15
122 142 6
122 148 1
122 149 7
122 151 19
122 154 5
122 157 11
122 158 13
122 163 16
122 168 6
122 170 12
122 174 15
122 178 3
122 184 2
122 189 15
122 190 2
122 194 5
122 196 3
122 198 1
123 126 11
123 136 9
123 140 7
123 144 16
123 155 16
123 159 19
123 160 8
123 161 18
123 162 2
123 170 6
123 171 8
123 174 16
123 178 2
123 185 4
124 129 15
124 133 5
124 136 15
124 142 3
124 143 9
124 150 5
124 157 4
124 158 11
124 161 4
124 165 2
124 167 10
124 169 7
124 170 20
124 171 13
124 174 14
124 180 9
124 184 18
124 185 12
124 194 3
125 128 10
125 130 14
125 131 17
125 147 7
125 149 10
125 158 14
125 161 3
125 165 13
125 169 14
125 178 19
125 187 4
125 189 10
125 190 3
125 195 5
125 196 2
125 198 7
126 132 13
126 135 4
126 136 5
126 139 12
126 143 8
126 144 5
126 146 1
126 147 5
126 149 20
126 152 14
126 153 12
126 156 10
126 166 5
126 168 13
126 175 4
126 180 14
126 189 2
126 191 12
126 194 19
126 197 4
126 198 13
127 133 19
127 136 1
127 137 7
127 138 6
127 141 13
127 142 18
127 144 18
127 155 5
127 161 9
127 168 3
127 171 13
127 179 1
127 190 1
127 198 13
128 134 17
128 135 9
128 137 16
128 142 19
128 150 9
128 151 5
128 153 6
128 156 3
128 160 9
128 165 19
128 166 14
128 184 7
128 192 6
128 193 10
128 199 2
129 133 3
129 138 19
129 140 18
129 144 15
129 148 13
129 149 20
129 157 3
129 169 4
129 172 7
129 173 20
129 177 3
129 181 10
129 183 12
129 187 13
129 188 3
130 134 12
130 135 4
130 141 3
130 142 1
130 144 11
130 146 16
130 148 19
130 149 14
130 151 6
130 152 16
130 155 20
130 160 9
130 162 2
130 166 19
130 168 20
130 187 17
130 192 6
130 194 5
130 195 18
130 198 8
130 199 6
131 133 5
131 140 3
131 142 4
131 145 15
131 148 2
131 151 20
131 156 7
131 160 14
131 165 4
131 166 20
131 172 14
131 175 19
131 182 4
131 183 11
131 184 17
132 134 13
132 137 14
132 147 7
132 149 12
132 152 2
132 156 10
132 157 15
132 158 13
132 160 20
132 176 11
132 177 20
132 181 11
132 185 15
132 186 6
132 192 16
132 193 1
132 194 6
132 198 19
132 199 10
133 137 3
133 139 20
133 142 11
133 146 7
133 152 3
133 154 10
133 158 12
133 162 15
133 164 15
133 165 5
133 171 11
133 178 10
133 188 15
133 190 2
133 192 19
133 193 11
134 143 10
134 159 19
134 164 7
134 170 19
134 173 16
134 174 14
134 175 7
134 177 2
134 182 19
134 183 14
134 184 10
134 193 14
134 196 14
134 197 7
134 199 11
135 138 6
135 142 14
135 147 7
135 149 9
135 150 9
135 154 20
135 155 4
135 156 8
135 158 7
135 162 11
135 171 18
135 172 7
135 176 12
135 178 6
135 186 16
135 190 3
135 196 19
136 137 12
136 144 9
136 146 6
136 147 17
136 148 18
136 150 19
136 164 1
136 165 16
136 170 17
136 173 10
136 174 10
136 175 12
136 182 9
136 187 1
136 188 1
136 190 12
136 191 15
136 192 4
136 195 18
136 196 7
136 197 16
137 139 5
137 143 12
137 151 10
137 155 7
137 158 17
137 161 4
137 163 19
137 164 4
137 169 2
137 182 11
137 184 14
137 188 16
137 190 8
137 191 6
137 193 10
137 197 15
138 147 5
138 150 12
138 154 7
138 155 13
138 162 13
138 168 9
138 170 12
138 171 18
138 177 13
138 185 14
138 186 18
138 187 1
138 191 3
138 194 2
139 141 13
139 144 1
139 145 4
139 147 6
139 157 6
139 167 4
139 170 11
139 172 4
139 177 9
139 182 14
139 184 7
139 190 11
139 194 4
140 146 20
140 150 4
140 160 5
140 163 1
140 166 11
140 168 7
140 179 1
140 180 4
140 182 19
140 183 4
140 196 14
141 142 7
141 145 12
141 149 8
141 150 12
141 154 8
141 160 16
141 164 15
141 166 10
141 169 4
141 170 3
141 171 6
141 172 18
141 174 17
141 176 5
141 181 4
141 183 5
141 186 4
141 188 17
141 195 17
141 196 6
142 144 17
142 145 20
142 146 11
142 148 17
142 151 9
142 153 8
142 155 7
142 156 2
142 157 3
142 158 11
142 170 19
142 177 19
142 179 17
142 182 2
142 186 8
142 187 6
142 188 16
142 189 1
142 199 19
143 145 13
143 147 15
143 149 9
143 156 15
143 159 15
143 176 10
143 185 3
143 194 14
143 195 9
143 196 15
144 146 20
144 147 14
144 151 15
144 159 1
144 163 18
144 164 3
144 168 2
144 171 16
144 172 20
144 173 14
144 180 3
144 181 17
144 186 18
144 197 11
145 146 8
145 147 9
145 150 13
145 160 7
145 164 8
145 171 13
145 174 1
145 180 2
145 193 18
145 194 11
146 148 16
146 151 17
146 154 11
146 158 20
146 161 2
146 168 11
146 170 9
146 172 17
146 173 9
146 174 10
146 175 1
146 185 18
146 187 15
146 190 10
146 192 13
146 194 14
147 153 17
147 157 13
147 165 8
147 166 19
147 177 2
147 178 1
147 184 4
147 185 17
147 188 16
147 189 19
147 190 17
147 192 15
147 195 6
148 158 16
148 159 7
148 166 1
148 171 14
148 180 12
148 183 5
148 186 13
148 187 18
148 190 16
148 194 6
148 196 2
148 197 2
148 198 16
148 199 20
149 151 6
149 154 1
149 163 18
149 164 10
149 166 14
149 175 17
149 180 4
149 184 6
149 188 15
149 195 11
149 198 19
149 199 2
150 152 10
150 157 10
150 161 15
150 165 6
150 166 15
150 170 2
150 174 20
150 185 7
150 186 5
150 187 8
150 188 3
150 194 15
150 197 18
151 153 2
151 156 6
151 158 11
151 159 15
151 162 20
151 164 12
151 169 16
151 170 7
151 172 20
151 181 18
151 182 13
151 184 12
151 185 18
151 188 7
151 197 19
152 153 11
152 155 17
152 158 12
152 161 3
152 162 18
152 170 10
152 177 18
152 179 8
152 196 8
153 154 2
153 155 7
153 156 17
153 162 9
153 170 4
153 171 3
153 172 17
153 181 12
153 184 10
153 187 4
153 199 1
154 159 7
154 162 3
154 167 3
154 177 19
154 178 13
154 182 4
154 187 1
154 191 6
154 193 1
154 196 19
154 197 4
155 160 19
155 165 13
155 166 15
155 171 20
155 180 14
155 183 11
155 185 2
155 186 12
155 189 3
155 190 10
155 193 14
155 194 7
155 195 12
155 199 14
156 160 2
156 173 1
156 175 10
156 177 18
156 179 20
156 182 18
156 183 20
156 186 13
156 187 8
156 192 18
156 193 11
156 195 8
156 198 4
157 168 12
157 174 18
157 180 9
157 183 12
157 189 17
157 196 16
157 197 4
157 199 11
158 160 12
158 161 14
158 162 19
158 165 4
158 167 2
158 170 14
158 173 8
158 174 15
158 177 7
158 180 12
158 182 8
158 184 19
158 186 5
158 195 14
158 196 6
159 161 20
159 164 4
159 168 11
159 174 17
159 179 5
159 185 8
159 195 6
159 199 7
160 161 15
160 164 19
160 166 14
160 169 18
160 173 3
160 178 6
160 180 1
160 183 14
160 186 17
160 196 8
160 198 7
160 199 14
161 168 6
161 170 14
161 171 14
161 173 20
161 174 13
161 181 6
161 182 8
161 183 10
161 184 2
161 187 18
161 189 12
162 164 20
162 166 10
162 174 2
162 175 20
162 178 11
162 191 16
163 172 4
163 179 14
163 180 18
163 188 10
163 190 13
163 195 15
163 196 2
164 165 11
164 177 5
164 179 19
164 182 19
164 183 2
164 184 16
164 186 12
164 189 9
164 191 1
164 192 19
164 198 13
165 168 15
165 181 5
165 189 4
165 190 17
165 192 2
165 197 1
166 167 14
166 169 16
166 176 7
166 179 12
166 183 2
166 184 4
167 171 8
167 172 19
167 173 3
167 175 13
167 178 16
167 180 15
167 184 17
167 185 6
167 187 1
167 192 4
167 195 13
167 197 20
168 169 11
168 170 10
168 171 9
168 172 16
168 176 13
168 181 3
168 194 18
168 197 14
169 171 11
169 173 15
169 175 8
169 176 13
169 179 12
169 188 20
169 189 3
169 193 3
169 194 1
170 171 14
170 172 2
170 173 17
170 183 14
170 191 1
171 172 20
171 181 13
171 183 14
171 185 7
171 189 15
171 190 15
171 191 11
171 192 7
171 193 11
171 195 14
171 198 4
172 174 9
172 175 8
172 177 15
172 184 19
172 186 9
172 188 6
173 174 1
173 181 2
173 184 5
173 186 13
173 187 9
173 188 12
173 194 16
173 195 7
173 197 15
173 199 17
174 177 12
174 180 12
174 181 10
174 182 19
174 183 10
174 188 15
174 189 16
174 194 17
174 195 20
174 198 9
175 176 1
175 183 13
175 185 12
175 190 17
175 192 19
175 194 20
175 196 18
175 197 10
175 199 10
176 177 5
176 184 5
176 186 7
176 196 7
176 198 3
177 181 18
177 185 10
177 198 14
178 182 7
178 185 20
178 186 10
178 188 5
178 194 6
178 196 6
178 198 11
179 181 18
179 185 11
179 187 5
179 190 13
179 194 6
179 196 18
179 197 9
179 198 18
179 199 15
180 182 16
180 187 9
180 191 17
180 198 20
181 182 19
181 184 10
181 185 14
181 187 11
181 188 7
181 189 13
181 190 3
181 195 13
182 186 4
182 189 13
182 190 13
182 191 4
182 194 6
183 185 18
183 196 9
184 186 15
184 189 4
184 196 1
185 192 12
186 188 16
186 190 2
186 196 16
186 199 16
187 189 15
187 190 6
187 197 1
187 198 11
187 199 10
189 190 20
189 191 19
189 194 1
189 199 16
190 197 9
191 192 16
191 194 13
192 199 7
194 197 15
195 197 18
196 198 1
197 198 16