0 1 7
0 2 4
0 3 13
0 4 12
0 5 1
0 6 14
0 7 20
0 8 17
0 9 1
0 10 7
0 11 2
0 12 11
0 13 11
0 14 15
0 15 2
0 16 7
0 17 16
0 18 19
0 19 2
0 20 4
0 21 6
0 22 9
0 23 5
0 24 6
0 25 7
0 26 10
0 27 2
0 28 16
0 29 18
0 30 17
0 31 18
0 32 9
0 33 17
0 34 7
0 35 10
0 36 12
0 37 8
0 38 4
0 39 12
0 40 13
0 41 16
0 42 11
0 43 2
0 44 14
0 45 18
0 46 6
0 47 19
0 48 16
0 49 1
0 50 16
0 51 2
0 52 3
0 53 19
0 54 11
0 55 19
0 56 10
0 57 8
0 58 15
0 59 15
0 60 20
0 61 12
0 62 6
0 63 10
0 64 18
0 65 11
0 66 3
0 67 13
0 68 9
0 69 4
0 70 8
0 71 11
0 72 9
0 73 7
0 74 13
0 75 13
0 76 11
0 77 16
0 78 20
0 79 8
0 80 3
0 81 4
0 82 11
0 83 4
0 84 10
0 85 4
0 86 16
0 87 13
0 88 1
0 89 10
0 90 14
0 91 10
0 92 8
0 93 5
0 94 20
0 95 2
0 96 10
0 97 14
0 98 7
0 99 6
1 2 5
1 3 15
1 4 18
1 5 11
1 6 6
1 7 1
1 8 3
1 9 16
1 10 4
1 11 2
1 12 15
1 13 10
1 14 11
1 15 17
1 16 1
1 17 19
1 18 16
1 19 18
1 20 7
1 21 19
1 22 4
1 23 13
1 24 12
1 25 14
1 26 12
1 27 6
1 28 13
1 29 9
1 30 5
1 31 4
1 32 17
1 33 5
1 34 6
1 35 3
1 36 10
1 37 13
1 38 11
1 39 15
1 40 11
1 41 2
1 42 4
1 43 1
1 44 9
1 45 17
1 46 14
1 47 6
1 48 19
1 49 7
1 50 17
1 51 10
1 52 7
1 53 16
1 54 14
1 55 10
1 56 1
1 57 5
1 58 17
1 59 17
1 60 15
1 61 13
1 62 11
1 63 4
1 64 13
1 65 4
1 66 7
1 67 3
1 68 4
1 69 5
1 70 1
1 71 12
1 72 4
1 73 18
1 74 7
1 75 6
1 76 3
1 77 5
1 78 19
1 79 6
1 80 8
1 81 12
1 82 13
1 83 19
1 84 8
1 85 9
1 86 7
1 87 19
1 88 5
1 89 18
1 90 11
1 91 19
1 92 19
1 93 9
1 94 5
1 95 12
1 96 7
1 97 4
1 98 19
1 99 13
2 3 1
2 4 8
2 5 4
2 6 16
2 7 6
2 8 7
2 9 16
2 10 5
2 11 12
2 12 11
2 13 18
2 14 12
2 15 9
2 16 12
2 17 8
2 18 17
2 19 11
2 20 17
2 21 14
2 22 1
2 23 17
2 24 14
2 25 15
2 26 4
2 27 5
2 28 7
2 29 19
2 30 8
2 31 16
2 32 10
2 33 8
2 34 10
2 35 5
2 36 14
2 37 20
2 38 17
2 39 12
2 40 19
2 41 17
2 42 8
2 43 9
2 44 4
2 45 17
2 46 16
2 47 19
2 48 6
2 49 15
2 50 4
2 51 13
2 52 18
2 53 7
2 54 16
2 55 18
2 56 7
2 57 1
2 58 5
2 59 15
2 60 8
2 61 11
2 62 1
2 63 19
2 64 5
2 65 7
2 66 7
2 67 13
2 68 7
2 69 8
2 70 16
2 71 14
2 72 11
2 73 11
2 74 6
2 75 1
2 76 12
2 77 13
2 78 11
2 79 19
2 80 3
2 81 1
2 82 12
2 83 16
2 84 19
2 85 20
2 86 3
2 87 19
2 88 17
2 89 9
2 90 10
2 91 19
2 92 2
2 93 20
2 94 16
2 95 20
2 96 4
2 97 15
2 98 17
2 99 16
3 4 1
3 5 15
3 6 5
3 7 9
3 8 14
3 9 12
3 10 5
3 11 7
3 12 4
3 13 17
3 14 2
3 15 10
3 16 14
3 17 5
3 18 8
3 19 13
3 20 18
3 21 7
3 22 3
3 23 13
3 24 12
3 25 3
3 26 17
3 27 8
3 28 18
3 29 3
3 30 19
3 31 6
3 32 5
3 33 19
3 34 17
3 35 20
3 36 6
3 37 4
3 38 9
3 39 18
3 40 15
3 41 14
3 42 18
3 43 17
3 44 11
3 45 18
3 46 11
3 47 16
3 48 10
3 49 1
3 50 19
3 51 18
3 52 10
3 53 10
3 54 19
3 55 11
3 56 4
3 57 14
3 58 19
3 59 9
3 60 15
3 61 8
3 62 13
3 63 9
3 64 1
3 65 8
3 66 1
3 67 8
3 68 5
3 69 14
3 70 15
3 71 7
3 72 10
3 73 12
3 74 11
3 75 3
3 76 15
3 77 19
3 78 18
3 79 15
3 80 8
3 81 4
3 82 9
3 83 20
3 84 16
3 85 8
3 86 11
3 87 13
3 88 5
3 89 16
3 90 11
3 91 4
3 92 14
3 93 16
3 94 18
3 95 1
3 96 2
3 97 15
3 98 11
3 99 11
4 5 17
4 6 8
4 7 2
4 8 11
4 9 20
4 10 4
4 11 9
4 12 2
4 13 6
4 14 17
4 15 12
4 16 19
4 17 13
4 18 1
4 19 16
4 20 18
4 21 17
4 22 9
4 23 3
4 24 8
4 25 4
4 26 10
4 27 13
4 28 2
4 29 6
4 30 14
4 31 15
4 32 19
4 33 6
4 34 7
4 35 3
4 36 10
4 37 4
4 38 18
4 39 19
4 40 12
4 41 14
4 42 1
4 43 19
4 44 13
4 45 5
4 46 12
4 47 11
4 48 8
4 49 11
4 50 5
4 51 3
4 52 3
4 53 7
4 54 5
4 55 4
4 56 7
4 57 2
4 58 8
4 59 14
4 60 8
4 61 20
4 62 8
4 63 2
4 64 19
4 65 16
4 66 18
4 67 11
4 68 11
4 69 7
4 70 15
4 71 12
4 72 12
4 73 2
4 74 20
4 75 16
4 76 12
4 77 12
4 78 13
4 79 7
4 80 20
4 81 9
4 82 1
4 83 13
4 84 11
4 85 3
4 86 6
4 87 20
4 88 2
4 89 18
4 90 5
4 91 8
4 92 3
4 93 3
4 94 14
4 95 7
4 96 9
4 97 3
4 98 15
4 99 6
5 6 13
5 7 5
5 8 16
5 9 8
5 10 15
5 11 1
5 12 12
5 13 14
5 14 8
5 15 6
5 16 4
5 17 15
5 18 8
5 19 10
5 20 6
5 21 3
5 22 6
5 23 9
5 24 9
5 25 20
5 26 20
5 27 13
5 28 17
5 29 6
5 30 5
5 31 4
5 32 9
5 33 13
5 34 10
5 35 12
5 36 3
5 37 8
5 38 5
5 39 6
5 40 6
5 41 17
5 42 10
5 43 14
5 44 17
5 45 16
5 46 19
5 47 18
5 48 14
5 49 13
5 50 17
5 51 19
5 52 16
5 53 18
5 54 1
5 55 3
5 56 3
5 57 18
5 58 6
5 59 8
5 60 17
5 61 1
5 62 18
5 63 7
5 64 4
5 65 10
5 66 12
5 67 19
5 68 18
5 69 3
5 70 19
5 71 13
5 72 20
5 73 16
5 74 15
5 75 13
5 76 11
5 77 3
5 78 20
5 79 9
5 80 7
5 81 8
5 82 10
5 83 8
5 84 10
5 85 3
5 86 14
5 87 5
5 88 14
5 89 8
5 90 12
5 91 18
5 92 4
5 93 12
5 94 6
5 95 11
5 96 2
5 97 8
5 98 1
5 99 19
6 7 20
6 8 11
6 9 12
6 10 18
6 11 15
6 12 14
6 13 7
6 14 19
6 15 3
6 16 7
6 17 11
6 18 1
6 19 16
6 20 13
6 21 7
6 22 10
6 23 14
6 24 5
6 25 18
6 26 13
6 27 1
6 28 12
6 29 19
6 30 12
6 31 16
6 32 17
6 33 3
6 34 16
6 35 2
6 36 9
6 37 20
6 38 2
6 39 3
6 40 12
6 41 13
6 42 11
6 43 8
6 44 11
6 45 15
6 46 9
6 47 14
6 48 12
6 49 6
6 50 4
6 51 11
6 52 2
6 53 17
6 54 15
6 55 15
6 56 13
6 57 14
6 58 10
6 59 11
6 60 2
6 61 18
6 62 5
6 63 12
6 64 16
6 65 13
6 66 18
6 67 7
6 68 5
6 69 9
6 70 3
6 71 9
6 72 8
6 73 2
6 74 9
6 75 8
6 76 18
6 77 18
6 78 8
6 79 20
6 80 15
6 81 12
6 82 10
6 83 3
6 84 9
6 85 2
6 86 19
6 87 19
6 88 18
6 89 19
6 90 14
6 91 14
6 92 19
6 93 16
6 94 14
6 95 8
6 96 16
6 97 20
6 98 6
6 99 19
7 8 5
7 9 9
7 10 7
7 11 12
7 12 12
7 13 11
7 14 16
7 15 11
7 16 18
7 17 12
7 18 9
7 19 10
7 20 15
7 21 13
7 22 6
7 23 6
7 24 13
7 25 7
7 26 8
7 27 13
7 28 9
7 29 4
7 30 3
7 31 13
7 32 14
7 33 12
7 34 14
7 35 14
7 36 7
7 37 4
7 38 6
7 39 14
7 40 3
7 41 3
7 42 15
7 43 12
7 44 19
7 45 2
7 46 17
7 47 6
7 48 16
7 49 9
7 50 9
7 51 16
7 52 11
7 53 2
7 54 9
7 55 2
7 56 14
7 57 2
7 58 8
7 59 15
7 60 3
7 61 15
7 62 5
7 63 15
7 64 18
7 65 5
7 66 6
7 67 7
7 68 4
7 69 19
7 70 11
7 71 14
7 72 6
7 73 19
7 74 2
7 75 4
7 76 18
7 77 13
7 78 16
7 79 3
7 80 13
7 81 19
7 82 10
7 83 18
7 84 7
7 85 3
7 86 6
7 87 15
7 88 3
7 89 16
7 90 3
7 91 15
7 92 19
7 93 6
7 94 1
7 95 7
7 96 4
7 97 16
7 98 1
7 99 16
8 9 18
8 10 2
8 11 19
8 12 7
8 13 13
8 14 16
8 15 14
8 16 18
8 17 20
8 18 6
8 19 9
8 20 7
8 21 4
8 22 9
8 23 11
8 24 8
8 25 8
8 26 18
8 27 16
8 28 9
8 29 6
8 30 5
8 31 15
8 32 18
8 33 4
8 34 10
8 35 5
8 36 3
8 37 16
8 38 10
8 39 15
8 40 6
8 41 1
8 42 6
8 43 17
8 44 1
8 45 15
8 46 1
8 47 5
8 48 8
8 49 8
8 50 9
8 51 3
8 52 16
8 53 19
8 54 16
8 55 8
8 56 5
8 57 13
8 58 4
8 59 2
8 60 2
8 61 17
8 62 15
8 63 15
8 64 9
8 65 19
8 66 4
8 67 12
8 68 2
8 69 18
8 70 1
8 71 19
8 72 5
8 73 16
8 74 13
8 75 2
8 76 1
8 77 6
8 78 8
8 79 5
8 80 9
8 81 6
8 82 5
8 83 8
8 84 1
8 85 12
8 86 15
8 87 3
8 88 11
8 89 17
8 90 18
8 91 2
8 92 16
8 93 9
8 94 4
8 95 5
8 96 15
8 97 16
8 98 11
8 99 9
9 10 1
9 11 20
9 12 4
9 13 5
9 14 11
9 15 7
9 16 15
9 17 4
9 18 9
9 19 11
9 20 4
9 21 20
9 22 14
9 23 9
9 24 16
9 25 16
9 26 13
9 27 9
9 28 7
9 29 14
9 30 10
9 31 19
9 32 8
9 33 12
9 34 13
9 35 2
9 36 1
9 37 8
9 38 9
9 39 15
9 40 15
9 41 16
9 42 20
9 43 13
9 44 10
9 45 17
9 46 12
9 47 1
9 48 8
9 49 2
9 50 19
9 51 13
9 52 7
9 53 4
9 54 2
9 55 9
9 56 7
9 57 1
9 58 12
9 59 8
9 60 17
9 61 5
9 62 19
9 63 6
9 64 4
9 65 18
9 66 14
9 67 18
9 68 6
9 69 4
9 70 4
9 71 11
9 72 17
9 73 4
9 74 16
9 75 7
9 76 20
9 77 8
9 78 11
9 79 6
9 80 13
9 81 12
9 82 1
9 83 8
9 84 12
9 85 5
9 86 4
9 87 11
9 88 16
9 89 1
9 90 5
9 91 18
9 92 4
9 93 16
9 94 9
9 95 8
9 96 6
9 97 14
9 98 9
9 99 17
10 11 7
10 12 12
10 13 6
10 14 12
10 15 18
10 16 12
10 17 2
10 18 14
10 19 15
10 20 6
10 21 4
10 22 1
10 23 14
10 24 16
10 25 14
10 26 3
10 27 5
10 28 10
10 29 10
10 30 12
10 31 13
10 32 16
10 33 13
10 34 2
10 35 8
10 36 11
10 37 2
10 38 17
10 39 11
10 40 11
10 41 7
10 42 13
10 43 8
10 44 12
10 45 12
10 46 4
10 47 17
10 48 12
10 49 15
10 50 1
10 51 19
10 52 9
10 53 6
10 54 20
10 55 7
10 56 10
10 57 3
10 58 17
10 59 10
10 60 18
10 61 20
10 62 13
10 63 16
10 64 11
10 65 20
10 66 16
10 67 14
10 68 17
10 69 2
10 70 16
10 71 7
10 72 19
10 73 15
10 74 20
10 75 15
10 76 8
10 77 17
10 78 7
10 79 4
10 80 4
10 81 8
10 82 16
10 83 17
10 84 6
10 85 20
10 86 12
10 87 16
10 88 12
10 89 12
10 90 17
10 91 4
10 92 9
10 93 15
10 94 11
10 95 15
10 96 6
10 97 14
10 98 4
10 99 4
11 12 3
11 13 14
11 14 5
11 15 1
11 16 5
11 17 4
11 18 19
11 19 8
11 20 14
11 21 13
11 22 2
11 23 15
11 24 10
11 25 1
11 26 13
11 27 1
11 28 17
11 29 13
11 30 1
11 31 6
11 32 14
11 33 2
11 34 18
11 35 4
11 36 1
11 37 1
11 38 5
11 39 7
11 40 14
11 41 19
11 42 4
11 43 14
11 44 16
11 45 14
11 46 14
11 47 5
11 48 13
11 49 8
11 50 19
11 51 13
11 52 7
11 53 1
11 54 7
11 55 15
11 56 8
11 57 10
11 58 4
11 59 4
11 60 10
11 61 19
11 62 19
11 63 7
11 64 9
11 65 8
11 66 10
11 67 1
11 68 15
11 69 1
11 70 4
11 71 20
11 72 6
11 73 10
11 74 2
11 75 2
11 76 1
11 77 17
11 78 1
11 79 4
11 80 13
11 81 6
11 82 1
11 83 2
11 84 19
11 85 8
11 86 12
11 87 2
11 88 16
11 89 3
11 90 15
11 91 20
11 92 2
11 93 13
11 94 6
11 95 3
11 96 11
11 97 18
11 98 20
11 99 7
12 13 16
12 14 11
12 15 5
12 16 11
12 17 13
12 18 16
12 19 6
12 20 8
12 21 9
12 22 7
12 23 5
12 24 8
12 25 17
12 26 5
12 27 9
12 28 5
12 29 8
12 30 7
12 31 11
12 32 19
12 33 9
12 34 7
12 35 17
12 36 19
12 37 8
12 38 13
12 39 16
12 40 15
12 41 16
12 42 3
12 43 5
12 44 8
12 45 17
12 46 11
12 47 4
12 48 8
12 49 2
12 50 2
12 51 15
12 52 16
12 53 14
12 54 14
12 55 18
12 56 14
12 57 4
12 58 11
12 59 5
12 60 7
12 61 7
12 62 18
12 63 12
12 64 5
12 65 14
12 66 2
12 67 7
12 68 5
12 69 20
12 70 8
12 71 12
12 72 8
12 73 18
12 74 9
12 75 4
12 76 1
12 77 12
12 78 4
12 79 12
12 80 13
12 81 8
12 82 6
12 83 10
12 84 9
12 85 6
12 86 8
12 87 1
12 88 20
12 89 5
12 90 10
12 91 3
12 92 12
12 93 16
12 94 4
12 95 5
12 96 7
12 97 12
12 98 19
12 99 8
13 14 13
13 15 13
13 16 10
13 17 4
13 18 4
13 19 2
13 20 14
13 21 1
13 22 1
13 23 16
13 24 10
13 25 5
13 26 20
13 27 20
13 28 10
13 29 7
13 30 20
13 31 14
13 32 4
13 33 17
13 34 14
13 35 13
13 36 5
13 37 11
13 38 20
13 39 1
13 40 12
13 41 10
13 42 9
13 43 2
13 44 18
13 45 12
13 46 16
13 47 16
13 48 9
13 49 1
13 50 1
13 51 20
13 52 6
13 53 2
13 54 3
13 55 1
13 56 19
13 57 1
13 58 14
13 59 14
13 60 1
13 61 18
13 62 1
13 63 8
13 64 7
13 65 15
13 66 7
13 67 14
13 68 4
13 69 4
13 70 5
13 71 10
13 72 6
13 73 19
13 74 7
13 75 8
13 76 17
13 77 17
13 78 4
13 79 18
13 80 20
13 81 12
13 82 10
13 83 18
13 84 6
13 85 19
13 86 1
13 87 15
13 88 7
13 89 18
13 90 10
13 91 2
13 92 4
13 93 7
13 94 9
13 95 5
13 96 2
13 97 5
13 98 10
13 99 14
14 15 12
14 16 4
14 17 10
14 18 12
14 19 11
14 20 6
14 21 17
14 22 5
14 23 18
14 24 11
14 25 18
14 26 9
14 27 7
14 28 3
14 29 12
14 30 16
14 31 13
14 32 17
14 33 4
14 34 1
14 35 20
14 36 20
14 37 15
14 38 1
14 39 13
14 40 11
14 41 5
14 42 8
14 43 2
14 44 18
14 45 2
14 46 1
14 47 18
14 48 7
14 49 16
14 50 17
14 51 5
14 52 18
14 53 7
14 54 17
14 55 1
14 56 20
14 57 18
14 58 3
14 59 17
14 60 9
14 61 5
14 62 17
14 63 16
14 64 11
14 65 7
14 66 16
14 67 14
14 68 4
14 69 14
14 70 16
14 71 1
14 72 12
14 73 7
14 74 1
14 75 6
14 76 8
14 77 14
14 78 10
14 79 5
14 80 5
14 81 20
14 82 3
14 83 13
14 84 3
14 85 14
14 86 13
14 87 5
14 88 2
14 89 17
14 90 19
14 91 4
14 92 2
14 93 5
14 94 6
14 95 4
14 96 10
14 97 12
14 98 1
14 99 3
15 16 16
15 17 2
15 18 8
15 19 17
15 20 3
15 21 15
15 22 18
15 23 9
15 24 8
15 25 20
15 26 7
15 27 19
15 28 4
15 29 7
15 30 20
15 31 11
15 32 16
15 33 7
15 34 18
15 35 20
15 36 3
15 37 6
15 38 10
15 39 16
15 40 3
15 41 11
15 42 8
15 43 17
15 44 17
15 45 6
15 46 4
15 47 20
15 48 15
15 49 1
15 50 11
15 51 1
15 52 16
15 53 11
15 54 12
15 55 2
15 56 13
15 57 20
15 58 19
15 59 16
15 60 4
15 61 5
15 62 20
15 63 13
15 64 18
15 65 15
15 66 5
15 67 5
15 68 20
15 69 5
15 70 13
15 71 17
15 72 7
15 73 15
15 74 20
15 75 9
15 76 2
15 77 12
15 78 18
15 79 5
15 80 7
15 81 5
15 82 9
15 83 13
15 84 7
15 85 20
15 86 14
15 87 7
15 88 4
15 89 12
15 90 16
15 91 14
15 92 4
15 93 4
15 94 16
15 95 7
15 96 20
15 97 11
15 98 10
15 99 11
16 17 14
16 18 5
16 19 14
16 20 14
16 21 1
16 22 2
16 23 10
16 24 9
16 25 4
16 26 5
16 27 16
16 28 6
16 29 8
16 30 1
16 31 5
16 32 4
16 33 10
16 34 7
16 35 16
16 36 14
16 37 15
16 38 20
16 39 2
16 40 18
16 41 10
16 42 4
16 43 9
16 44 2
16 45 13
16 46 6
16 47 4
16 48 9
16 49 4
16 50 19
16 51 3
16 52 2
16 53 18
16 54 17
16 55 20
16 56 15
16 57 10
16 58 7
16 59 2
16 60 2
16 61 1
16 62 5
16 63 11
16 64 16
16 65 8
16 66 10
16 67 2
16 68 16
16 69 10
16 70 4
16 71 20
16 72 17
16 73 1
16 74 14
16 75 18
16 76 19
16 77 8
16 78 20
16 79 18
16 80 4
16 81 13
16 82 1
16 83 1
16 84 3
16 85 16
16 86 3
16 87 9
16 88 12
16 89 13
16 90 12
16 91 10
16 92 6
16 93 15
16 94 20
16 95 9
16 96 12
16 97 5
16 98 19
16 99 7
17 18 7
17 19 4
17 20 12
17 21 1
17 22 3
17 23 13
17 24 20
17 25 19
17 26 6
17 27 4
17 28 6
17 29 16
17 30 20
17 31 1
17 32 3
17 33 18
17 34 4
17 35 19
17 36 16
17 37 8
17 38 13
17 39 6
17 40 9
17 41 19
17 42 14
17 43 2
17 44 6
17 45 15
17 46 6
17 47 7
17 48 16
17 49 6
17 50 19
17 51 17
17 52 16
17 53 3
17 54 13
17 55 14
17 56 3
17 57 19
17 58 8
17 59 8
17 60 14
17 61 5
17 62 11
17 63 13
17 64 11
17 65 4
17 66 10
17 67 5
17 68 3
17 69 3
17 70 14
17 71 10
17 72 3
17 73 12
17 74 18
17 75 5
17 76 17
17 77 2
17 78 3
17 79 19
17 80 3
17 81 8
17 82 19
17 83 15
17 84 18
17 85 6
17 86 7
17 87 7
17 88 19
17 89 20
17 90 13
17 91 5
17 92 17
17 93 18
17 94 11
17 95 12
17 96 3
17 97 4
17 98 10
17 99 7
18 19 11
18 20 17
18 21 10
18 22 6
18 23 11
18 24 13
18 25 5
18 26 15
18 27 11
18 28 15
18 29 2
18 30 18
18 31 14
18 32 9
18 33 16
18 34 9
18 35 16
18 36 18
18 37 13
18 38 11
18 39 20
18 40 10
18 41 5
18 42 7
18 43 12
18 44 14
18 45 10
18 46 17
18 47 17
18 48 9
18 49 18
18 50 2
18 51 12
18 52 4
18 53 11
18 54 5
18 55 3
18 56 7
18 57 12
18 58 16
18 59 19
18 60 3
18 61 7
18 62 16
18 63 19
18 64 16
18 65 14
18 66 6
18 67 14
18 68 13
18 69 6
18 70 13
18 71 3
18 72 2
18 73 12
18 74 20
18 75 12
18 76 17
18 77 14
18 78 8
18 79 15
18 80 3
18 81 11
18 82 4
18 83 3
18 84 10
18 85 13
18 86 13
18 87 16
18 88 19
18 89 14
18 90 7
18 91 5
18 92 13
18 93 4
18 94 1
18 95 18
18 96 15
18 97 17
18 98 6
18 99 20
19 20 6
19 21 15
19 22 5
19 23 8
19 24 5
19 25 8
19 26 3
19 27 6
19 28 14
19 29 18
19 30 7
19 31 19
19 32 18
19 33 2
19 34 13
19 35 15
19 36 1
19 37 14
19 38 7
19 39 13
19 40 19
19 41 20
19 42 15
19 43 8
19 44 5
19 45 18
19 46 7
19 47 8
19 48 7
19 49 12
19 50 13
19 51 1
19 52 16
19 53 5
19 54 15
19 55 4
19 56 19
19 57 19
19 58 10
19 59 11
19 60 17
19 61 8
19 62 14
19 63 4
19 64 18
19 65 19
19 66 18
19 67 10
19 68 2
19 69 6
19 70 11
19 71 1
19 72 8
19 73 17
19 74 7
19 75 12
19 76 18
19 77 17
19 78 14
19 79 18
19 80 8
19 81 18
19 82 17
19 83 4
19 84 19
19 85 11
19 86 5
19 87 5
19 88 8
19 89 17
19 90 2
19 91 1
19 92 20
19 93 14
19 94 6
19 95 20
19 96 3
19 97 10
19 98 12
19 99 16
20 21 7
20 22 20
20 23 20
20 24 8
20 25 14
20 26 3
20 27 1
20 28 20
20 29 15
20 30 14
20 31 5
20 32 20
20 33 15
20 34 2
20 35 5
20 36 11
20 37 20
20 38 14
20 39 20
20 40 2
20 41 3
20 42 7
20 43 7
20 44 18
20 45 11
20 46 15
20 47 12
20 48 11
20 49 1
20 50 8
20 51 15
20 52 4
20 53 17
20 54 10
20 55 9
20 56 11
20 57 10
20 58 3
20 59 13
20 60 11
20 61 8
20 62 8
20 63 8
20 64 7
20 65 16
20 66 10
20 67 9
20 68 13
20 69 17
20 70 14
20 71 12
20 72 8
20 73 3
20 74 15
20 75 14
20 76 13
20 77 12
20 78 17
20 79 2
20 80 3
20 81 5
20 82 2
20 83 17
20 84 11
20 85 19
20 86 3
20 87 17
20 88 2
20 89 11
20 90 12
20 91 16
20 92 11
20 93 3
20 94 19
20 95 1
20 96 19
20 97 9
20 98 7
20 99 18
21 22 2
21 23 18
21 24 15
21 25 10
21 26 5
21 27 2
21 28 6
21 29 10
21 30 7
21 31 18
21 32 17
21 33 14
21 34 15
21 35 3
21 36 18
21 37 15
21 38 8
21 39 19
21 40 2
21 41 9
21 42 11
21 43 10
21 44 15
21 45 3
21 46 5
21 47 4
21 48 4
21 49 13
21 50 5
21 51 13
21 52 10
21 53 18
21 54 19
21 55 10
21 56 6
21 57 11
21 58 14
21 59 2
21 60 6
21 61 1
21 62 14
21 63 4
21 64 19
21 65 9
21 66 6
21 67 19
21 68 4
21 69 13
21 70 9
21 71 12
21 72 2
21 73 15
21 74 9
21 75 5
21 76 3
21 77 1
21 78 20
21 79 16
21 80 10
21 81 14
21 82 7
21 83 3
21 84 17
21 85 19
21 86 8
21 87 17
21 88 13
21 89 10
21 90 3
21 91 9
21 92 4
21 93 12
21 94 10
21 95 18
21 96 19
21 97 9
21 98 7
21 99 11
22 23 11
22 24 20
22 25 19
22 26 9
22 27 6
22 28 18
22 29 6
22 30 8
22 31 12
22 32 2
22 33 17
22 34 11
22 35 15
22 36 12
22 37 13
22 38 14
22 39 8
22 40 11
22 41 9
22 42 9
22 43 11
22 44 16
22 45 9
22 46 18
22 47 12
22 48 18
22 49 14
22 50 12
22 51 2
22 52 4
22 53 10
22 54 14
22 55 15
22 56 19
22 57 1
22 58 5
22 59 10
22 60 8
22 61 7
22 62 6
22 63 2
22 64 19
22 65 12
22 66 13
22 67 2
22 68 1
22 69 3
22 70 18
22 71 10
22 72 7
22 73 11
22 74 6
22 75 14
22 76 8
22 77 5
22 78 13
22 79 10
22 80 13
22 81 1
22 82 18
22 83 7
22 84 6
22 85 12
22 86 4
22 87 13
22 88 14
22 89 11
22 90 15
22 91 1
22 92 7
22 93 12
22 94 16
22 95 4
22 96 6
22 97 13
22 98 7
22 99 5
23 24 12
23 25 18
23 26 6
23 27 18
23 28 8
23 29 7
23 30 2
23 31 1
23 32 16
23 33 12
23 34 7
23 35 2
23 36 19
23 37 17
23 38 19
23 39 7
23 40 6
23 41 14
23 42 9
23 43 18
23 44 15
23 45 6
23 46 11
23 47 7
23 48 1
23 49 13
23 50 4
23 51 5
23 52 3
23 53 1
23 54 5
23 55 8
23 56 10
23 57 1
23 58 11
23 59 7
23 60 8
23 61 11
23 62 13
23 63 4
23 64 18
23 65 14
23 66 1
23 67 4
23 68 1
23 69 20
23 70 5
23 71 10
23 72 17
23 73 2
23 74 3
23 75 1
23 76 1
23 77 13
23 78 7
23 79 9
23 80 10
23 81 18
23 82 17
23 83 18
23 84 19
23 85 11
23 86 5
23 87 3
23 88 17
23 89 6
23 90 19
23 91 8
23 92 15
23 93 3
23 94 14
23 95 3
23 96 15
23 97 1
23 98 11
23 99 11
24 25 6
24 26 16
24 27 7
24 28 14
24 29 3
24 30 1
24 31 16
24 32 2
24 33 15
24 34 9
24 35 17
24 36 10
24 37 4
24 38 11
24 39 8
24 40 1
24 41 12
24 42 15
24 43 14
24 44 9
24 45 20
24 46 17
24 47 7
24 48 13
24 49 7
24 50 10
24 51 7
24 52 10
24 53 2
24 54 19
24 55 5
24 56 15
24 57 12
24 58 16
24 59 2
24 60 11
24 61 11
24 62 18
24 63 9
24 64 19
24 65 19
24 66 12
24 67 8
24 68 18
24 69 8
24 70 16
24 71 14
24 72 15
24 73 16
24 74 6
24 75 6
24 76 20
24 77 12
24 78 14
24 79 17
24 80 10
24 81 1
24 82 13
24 83 8
24 84 7
24 85 18
24 86 18
24 87 14
24 88 11
24 89 18
24 90 11
24 91 11
24 92 5
24 93 17
24 94 8
24 95 1
24 96 13
24 97 19
24 98 12
24 99 7
25 26 12
25 27 8
25 28 19
25 29 15
25 30 10
25 31 10
25 32 18
25 33 16
25 34 10
25 35 11
25 36 7
25 37 20
25 38 19
25 39 10
25 40 7
25 41 14
25 42 4
25 43 5
25 44 11
25 45 14
25 46 18
25 47 11
25 48 10
25 49 11
25 50 4
25 51 9
25 52 15
25 53 15
25 54 19
25 55 18
25 56 1
25 57 10
25 58 18
25 59 14
25 60 15
25 61 8
25 62 14
25 63 2
25 64 7
25 65 19
25 66 10
25 67 20
25 68 12
25 69 11
25 70 9
25 71 3
25 72 6
25 73 17
25 74 4
25 75 10
25 76 3
25 77 13
25 78 12
25 79 19
25 80 9
25 81 11
25 82 16
25 83 14
25 84 2
25 85 8
25 86 16
25 87 10
25 88 14
25 89 18
25 90 18
25 91 14
25 92 8
25 93 19
25 94 5
25 95 10
25 96 10
25 97 6
25 98 4
25 99 15
26 27 12
26 28 11
26 29 11
26 30 11
26 31 19
26 32 18
26 33 20
26 34 2
26 35 4
26 36 12
26 37 2
26 38 20
26 39 16
26 40 17
26 41 1
26 42 9
26 43 16
26 44 12
26 45 12
26 46 5
26 47 5
26 48 4
26 49 5
26 50 8
26 51 2
26 52 19
26 53 1
26 54 18
26 55 7
26 56 12
26 57 1
26 58 11
26 59 10
26 60 4
26 61 9
26 62 6
26 63 19
26 64 15
26 65 13
26 66 1
26 67 15
26 68 11
26 69 17
26 70 19
26 71 1
26 72 8
26 73 4
26 74 14
26 75 8
26 76 16
26 77 16
26 78 7
26 79 3
26 80 19
26 81 16
26 82 11
26 83 10
26 84 17
26 85 1
26 86 17
26 87 6
26 88 17
26 89 12
26 90 14
26 91 4
26 92 19
26 93 9
26 94 20
26 95 17
26 96 10
26 97 11
26 98 2
26 99 8
27 28 13
27 29 6
27 30 1
27 31 2
27 32 12
27 33 4
27 34 18
27 35 1
27 36 3
27 37 6
27 38 17
27 39 15
27 40 17
27 41 15
27 42 11
27 43 6
27 44 20
27 45 19
27 46 17
27 47 10
27 48 3
27 49 15
27 50 3
27 51 8
27 52 11
27 53 18
27 54 4
27 55 8
27 56 18
27 57 5
27 58 9
27 59 14
27 60 5
27 61 20
27 62 18
27 63 15
27 64 10
27 65 18
27 66 2
27 67 16
27 68 15
27 69 4
27 70 10
27 71 6
27 72 20
27 73 7
27 74 17
27 75 4
27 76 20
27 77 17
27 78 12
27 79 19
27 80 19
27 81 4
27 82 7
27 83 20
27 84 6
27 85 12
27 86 16
27 87 5
27 88 15
27 89 2
27 90 18
27 91 7
27 92 9
27 93 4
27 94 6
27 95 10
27 96 8
27 97 1
27 98 12
27 99 17
28 29 18
28 30 19
28 31 19
28 32 6
28 33 19
28 34 15
28 35 13
28 36 19
28 37 19
28 38 2
28 39 8
28 40 1
28 41 15
28 42 5
28 43 10
28 44 11
28 45 2
28 46 6
28 47 8
28 48 9
28 49 20
28 50 12
28 51 18
28 52 10
28 53 4
28 54 12
28 55 19
28 56 4
28 57 2
28 58 19
28 59 3
28 60 12
28 61 8
28 62 20
28 63 7
28 64 12
28 65 2
28 66 11
28 67 1
28 68 7
28 69 13
28 70 11
28 71 20
28 72 18
28 73 15
28 74 19
28 75 15
28 76 3
28 77 13
28 78 19
28 79 7
28 80 6
28 81 10
28 82 8
28 83 12
28 84 19
28 85 19
28 86 9
28 87 11
28 88 2
28 89 20
28 90 4
28 91 1
28 92 4
28 93 4
28 94 15
28 95 14
28 96 8
28 97 4
28 98 8
28 99 11
29 30 13
29 31 20
29 32 12
29 33 7
29 34 19
29 35 2
29 36 10
29 37 5
29 38 7
29 39 3
29 40 11
29 41 10
29 42 11
29 43 2
29 44 5
29 45 8
29 46 7
29 47 1
29 48 7
29 49 16
29 50 20
29 51 19
29 52 10
29 53 3
29 54 1
29 55 2
29 56 18
29 57 16
29 58 13
29 59 15
29 60 12
29 61 20
29 62 12
29 63 4
29 64 13
29 65 8
29 66 2
29 67 2
29 68 18
29 69 3
29 70 14
29 71 20
29 72 5
29 73 5
29 74 12
29 75 9
29 76 18
29 77 17
29 78 14
29 79 2
29 80 18
29 81 12
29 82 12
29 83 14
29 84 19
29 85 1
29 86 16
29 87 16
29 88 14
29 89 4
29 90 12
29 91 9
29 92 18
29 93 8
29 94 2
29 95 4
29 96 14
29 97 6
29 98 8
29 99 13
30 31 5
30 32 12
30 33 17
30 34 18
30 35 19
30 36 11
30 37 19
30 38 18
30 39 15
30 40 12
30 41 2
30 42 3
30 43 10
30 44 16
30 45 16
30 46 12
30 47 1
30 48 18
30 49 14
30 50 10
30 51 19
30 52 12
30 53 1
30 54 8
30 55 17
30 56 13
30 57 1
30 58 8
30 59 20
30 60 17
30 61 20
30 62 11
30 63 18
30 64 10
30 65 13
30 66 10
30 67 7
30 68 4
30 69 14
30 70 3
30 71 1
30 72 10
30 73 1
30 74 3
30 75 15
30 76 10
30 77 19
30 78 6
30 79 7
30 80 3
30 81 15
30 82 4
30 83 2
30 84 8
30 85 6
30 86 19
30 87 2
30 88 18
30 89 14
30 90 8
30 91 15
30 92 2
30 93 2
30 94 8
30 95 20
30 96 15
30 97 8
30 98 10
30 99 7
31 32 5
31 33 9
31 34 2
31 35 15
31 36 16
31 37 9
31 38 1
31 39 3
31 40 13
31 41 9
31 42 12
31 43 20
31 44 3
31 45 13
31 46 3
31 47 8
31 48 5
31 49 11
31 50 4
31 51 13
31 52 8
31 53 7
31 54 20
31 55 10
31 56 15
31 57 12
31 58 17
31 59 1
31 60 17
31 61 19
31 62 10
31 63 18
31 64 9
31 65 11
31 66 16
31 67 16
31 68 8
31 69 6
31 70 12
31 71 18
31 72 9
31 73 18
31 74 12
31 75 16
31 76 15
31 77 9
31 78 17
31 79 14
31 80 12
31 81 20
31 82 5
31 83 10
31 84 6
31 85 19
31 86 10
31 87 14
31 88 18
31 89 10
31 90 5
31 91 2
31 92 17
31 93 18
31 94 10
31 95 3
31 96 9
31 97 1
31 98 9
31 99 14
32 33 9
32 34 19
32 35 12
32 36 3
32 37 2
32 38 1
32 39 15
32 40 20
32 41 3
32 42 20
32 43 4
32 44 11
32 45 3
32 46 19
32 47 15
32 48 19
32 49 12
32 50 18
32 51 6
32 52 12
32 53 4
32 54 16
32 55 10
32 56 8
32 57 16
32 58 19
32 59 4
32 60 19
32 61 3
32 62 10
32 63 6
32 64 12
32 65 13
32 66 11
32 67 13
32 68 15
32 69 17
32 70 7
32 71 18
32 72 3
32 73 4
32 74 7
32 75 1
32 76 15
32 77 11
32 78 13
32 79 18
32 80 15
32 81 5
32 82 9
32 83 18
32 84 6
32 85 17
32 86 6
32 87 17
32 88 10
32 89 5
32 90 18
32 91 10
32 92 9
32 93 3
32 94 18
32 95 3
32 96 16
32 97 11
32 98 14
32 99 7
33 34 11
33 35 7
33 36 16
33 37 17
33 38 11
33 39 4
33 40 17
33 41 10
33 42 8
33 43 15
33 44 8
33 45 7
33 46 3
33 47 11
33 48 15
33 49 20
33 50 17
33 51 16
33 52 13
33 53 17
33 54 8
33 55 5
33 56 6
33 57 20
33 58 9
33 59 14
33 60 16
33 61 13
33 62 3
33 63 9
33 64 18
33 65 4
33 66 11
33 67 1
33 68 13
33 69 2
33 70 7
33 71 16
33 72 11
33 73 18
33 74 18
33 75 18
33 76 14
33 77 13
33 78 9
33 79 4
33 80 14
33 81 20
33 82 1
33 83 15
33 84 1
33 85 14
33 86 19
33 87 1
33 88 11
33 89 11
33 90 2
33 91 8
33 92 7
33 93 6
33 94 10
33 95 8
33 96 18
33 97 4
33 98 2
33 99 13
34 35 16
34 36 18
34 37 8
34 38 1
34 39 3
34 40 18
34 41 8
34 42 19
34 43 1
34 44 8
34 45 4
34 46 15
34 47 7
34 48 2
34 49 17
34 50 9
34 51 14
34 52 11
34 53 12
34 54 10
34 55 12
34 56 3
34 57 7
34 58 10
34 59 12
34 60 13
34 61 1
34 62 10
34 63 1
34 64 17
34 65 12
34 66 1
34 67 12
34 68 14
34 69 13
34 70 13
34 71 3
34 72 9
34 73 10
34 74 5
34 75 2
34 76 14
34 77 17
34 78 2
34 79 16
34 80 6
34 81 10
34 82 15
34 83 9
34 84 8
34 85 19
34 86 11
34 87 10
34 88 11
34 89 18
34 90 12
34 91 17
34 92 3
34 93 9
34 94 20
34 95 14
34 96 4
34 97 16
34 98 9
34 99 16
35 36 13
35 37 15
35 38 3
35 39 11
35 40 8
35 41 10
35 42 1
35 43 2
35 44 13
35 45 4
35 46 17
35 47 17
35 48 14
35 49 9
35 50 14
35 51 11
35 52 10
35 53 7
35 54 20
35 55 10
35 56 20
35 57 16
35 58 15
35 59 1
35 60 8
35 61 8
35 62 15
35 63 14
35 64 10
35 65 2
35 66 7
35 67 8
35 68 5
35 69 17
35 70 20
35 71 17
35 72 5
35 73 8
35 74 10
35 75 12
35 76 11
35 77 16
35 78 19
35 79 1
35 80 17
35 81 15
35 82 17
35 83 6
35 84 7
35 85 4
35 86 20
35 87 16
35 88 14
35 89 9
35 90 19
35 91 5
35 92 4
35 93 20
35 94 13
35 95 14
35 96 10
35 97 8
35 98 4
35 99 6
36 37 4
36 38 14
36 39 7
36 40 3
36 41 1
36 42 4
36 43 16
36 44 7
36 45 15
36 46 13
36 47 17
36 48 19
36 49 2
36 50 1
36 51 18
36 52 3
36 53 14
36 54 4
36 55 2
36 56 19
36 57 5
36 58 16
36 59 15
36 60 20
36 61 6
36 62 2
36 63 12
36 64 16
36 65 4
36 66 8
36 67 6
36 68 12
36 69 10
36 70 20
36 71 15
36 72 5
36 73 12
36 74 12
36 75 12
36 76 3
36 77 14
36 78 8
36 79 13
36 80 5
36 81 1
36 82 13
36 83 2
36 84 11
36 85 19
36 86 17
36 87 19
36 88 16
36 89 19
36 90 19
36 91 16
36 92 3
36 93 16
36 94 18
36 95 2
36 96 6
36 97 18
36 98 1
36 99 12
37 38 19
37 39 18
37 40 16
37 41 7
37 42 18
37 43 13
37 44 16
37 45 7
37 46 8
37 47 8
37 48 14
37 49 14
37 50 1
37 51 16
37 52 4
37 53 12
37 54 7
37 55 7
37 56 13
37 57 15
37 58 4
37 59 5
37 60 18
37 61 15
37 62 13
37 63 7
37 64 1
37 65 6
37 66 2
37 67 10
37 68 11
37 69 2
37 70 10
37 71 16
37 72 1
37 73 17
37 74 11
37 75 19
37 76 6
37 77 20
37 78 12
37 79 19
37 80 2
37 81 6
37 82 14
37 83 5
37 84 5
37 85 10
37 86 8
37 87 10
37 88 8
37 89 16
37 90 3
37 91 2
37 92 16
37 93 1
37 94 20
37 95 5
37 96 19
37 97 9
37 98 14
37 99 16
38 39 16
38 40 2
38 41 4
38 42 11
38 43 4
38 44 6
38 45 11
38 46 8
38 47 10
38 48 9
38 49 8
38 50 11
38 51 19
38 52 17
38 53 18
38 54 19
38 55 15
38 56 4
38 57 14
38 58 18
38 59 17
38 60 14
38 61 9
38 62 1
38 63 1
38 64 10
38 65 17
38 66 11
38 67 19
38 68 7
38 69 11
38 70 10
38 71 7
38 72 3
38 73 3
38 74 15
38 75 8
38 76 10
38 77 14
38 78 19
38 79 5
38 80 9
38 81 20
38 82 15
38 83 19
38 84 7
38 85 12
38 86 14
38 87 14
38 88 3
38 89 5
38 90 19
38 91 20
38 92 7
38 93 1
38 94 18
38 95 15
38 96 20
38 97 7
38 98 18
38 99 13
39 40 19
39 41 10
39 42 10
39 43 10
39 44 15
39 45 5
39 46 11
39 47 3
39 48 3
39 49 2
39 50 3
39 51 18
39 52 13
39 53 11
39 54 13
39 55 1
39 56 9
39 57 7
39 58 7
39 59 14
39 60 8
39 61 7
39 62 6
39 63 10
39 64 10
39 65 8
39 66 9
39 67 19
39 68 20
39 69 4
39 70 13
39 71 8
39 72 6
39 73 13
39 74 19
39 75 4
39 76 3
39 77 19
39 78 9
39 79 14
39 80 8
39 81 11
39 82 5
39 83 14
39 84 16
39 85 17
39 86 16
39 87 7
39 88 19
39 89 6
39 90 1
39 91 7
39 92 6
39 93 20
39 94 8
39 95 20
39 96 16
39 97 1
39 98 5
39 99 19
40 41 10
40 42 13
40 43 10
40 44 7
40 45 11
40 46 16
40 47 15
40 48 18
40 49 15
40 50 13
40 51 1
40 52 20
40 53 2
40 54 19
40 55 19
40 56 5
40 57 10
40 58 18
40 59 17
40 60 6
40 61 17
40 62 1
40 63 5
40 64 16
40 65 2
40 66 17
40 67 16
40 68 9
40 69 3
40 70 16
40 71 10
40 72 8
40 73 5
40 74 9
40 75 16
40 76 4
40 77 16
40 78 6
40 79 8
40 80 19
40 81 4
40 82 13
40 83 17
40 84 16
40 85 4
40 86 7
40 87 8
40 88 14
40 89 17
40 90 16
40 91 7
40 92 20
40 93 5
40 94 17
40 95 10
40 96 5
40 97 9
40 98 18
40 99 10
41 42 16
41 43 2
41 44 18
41 45 7
41 46 3
41 47 6
41 48 12
41 49 5
41 50 8
41 51 12
41 52 11
41 53 7
41 54 19
41 55 17
41 56 13
41 57 11
41 58 12
41 59 13
41 60 19
41 61 6
41 62 19
41 63 2
41 64 19
41 65 20
41 66 13
41 67 2
41 68 10
41 69 8
41 70 18
41 71 19
41 72 13
41 73 16
41 74 10
41 75 6
41 76 20
41 77 10
41 78 18
41 79 7
41 80 8
41 81 15
41 82 17
41 83 6
41 84 20
41 85 19
41 86 19
41 87 19
41 88 17
41 89 4
41 90 12
41 91 11
41 92 3
41 93 15
41 94 5
41 95 1
41 96 2
41 97 12
41 98 6
41 99 17
42 43 20
42 44 6
42 45 12
42 46 6
42 47 17
42 48 11
42 49 19
42 50 3
42 51 3
42 52 4
42 53 8
42 54 14
42 55 10
42 56 10
42 57 16
42 58 8
42 59 9
42 60 4
42 61 5
42 62 13
42 63 20
42 64 14
42 65 3
42 66 3
42 67 16
42 68 4
42 69 19
42 70 4
42 71 9
42 72 9
42 73 20
42 74 11
42 75 14
42 76 5
42 77 15
42 78 16
42 79 9
42 80 7
42 81 14
42 82 4
42 83 15
42 84 16
42 85 15
42 86 16
42 87 8
42 88 6
42 89 19
42 90 10
42 91 12
42 92 20
42 93 8
42 94 9
42 95 14
42 96 11
42 97 8
42 98 2
42 99 19
43 44 1
43 45 8
43 46 18
43 47 12
43 48 16
43 49 19
43 50 14
43 51 14
43 52 18
43 53 6
43 54 19
43 55 7
43 56 4
43 57 14
43 58 5
43 59 10
43 60 14
43 61 6
43 62 4
43 63 6
43 64 5
43 65 1
43 66 8
43 67 12
43 68 1
43 69 10
43 70 11
43 71 17
43 72 11
43 73 9
43 74 13
43 75 5
43 76 14
43 77 7
43 78 8
43 79 14
43 80 1
43 81 15
43 82 17
43 83 8
43 84 3
43 85 9
43 86 5
43 87 3
43 88 15
43 89 5
43 90 15
43 91 17
43 92 7
43 93 3
43 94 19
43 95 19
43 96 18
43 97 12
43 98 1
43 99 6
44 45 11
44 46 18
44 47 8
44 48 19
44 49 14
44 50 17
44 51 7
44 52 18
44 53 2
44 54 1
44 55 5
44 56 20
44 57 15
44 58 4
44 59 20
44 60 7
44 61 5
44 62 9
44 63 14
44 64 18
44 65 15
44 66 2
44 67 20
44 68 6
44 69 19
44 70 13
44 71 4
44 72 15
44 73 20
44 74 9
44 75 5
44 76 1
44 77 11
44 78 1
44 79 11
44 80 9
44 81 17
44 82 17
44 83 1
44 84 18
44 85 15
44 86 18
44 87 7
44 88 8
44 89 4
44 90 1
44 91 7
44 92 1
44 93 5
44 94 8
44 95 16
44 96 18
44 97 13
44 98 20
44 99 7
45 46 3
45 47 3
45 48 10
45 49 13
45 50 17
45 51 17
45 52 7
45 53 8
45 54 6
45 55 13
45 56 15
45 57 2
45 58 18
45 59 13
45 60 12
45 61 19
45 62 2
45 63 19
45 64 7
45 65 1
45 66 17
45 67 7
45 68 14
45 69 11
45 70 19
45 71 5
45 72 8
45 73 5
45 74 12
45 75 20
45 76 18
45 77 13
45 78 6
45 79 4
45 80 12
45 81 13
45 82 2
45 83 16
45 84 7
45 85 3
45 86 14
45 87 6
45 88 3
45 89 17
45 90 10
45 91 10
45 92 2
45 93 4
45 94 18
45 95 14
45 96 10
45 97 5
45 98 6
45 99 14
46 47 8
46 48 13
46 49 5
46 50 6
46 51 5
46 52 17
46 53 3
46 54 13
46 55 14
46 56 4
46 57 1
46 58 1
46 59 5
46 60 4
46 61 13
46 62 6
46 63 9
46 64 20
46 65 14
46 66 8
46 67 1
46 68 8
46 69 18
46 70 20
46 71 14
46 72 9
46 73 12
46 74 19
46 75 5
46 76 13
46 77 17
46 78 15
46 79 7
46 80 8
46 81 7
46 82 12
46 83 17
46 84 16
46 85 19
46 86 12
46 87 5
46 88 4
46 89 19
46 90 7
46 91 9
46 92 18
46 93 2
46 94 20
46 95 15
46 96 7
46 97 19
46 98 14
46 99 11
47 48 18
47 49 5
47 50 10
47 51 20
47 52 5
47 53 6
47 54 14
47 55 20
47 56 17
47 57 7
47 58 18
47 59 5
47 60 17
47 61 18
47 62 7
47 63 12
47 64 3
47 65 5
47 66 1
47 67 2
47 68 6
47 69 6
47 70 18
47 71 12
47 72 8
47 73 13
47 74 10
47 75 9
47 76 8
47 77 4
47 78 6
47 79 18
47 80 19
47 81 18
47 82 3
47 83 1
47 84 5
47 85 13
47 86 1
47 87 18
47 88 19
47 89 17
47 90 16
47 91 3
47 92 18
47 93 1
47 94 1
47 95 7
47 96 19
47 97 8
47 98 20
47 99 5
48 49 1
48 50 19
48 51 20
48 52 15
48 53 17
48 54 10
48 55 19
48 56 9
48 57 8
48 58 13
48 59 15
48 60 16
48 61 8
48 62 6
48 63 14
48 64 2
48 65 3
48 66 6
48 67 15
48 68 17
48 69 16
48 70 14
48 71 8
48 72 1
48 73 19
48 74 9
48 75 13
48 76 20
48 77 13
48 78 18
48 79 12
48 80 16
48 81 8
48 82 8
48 83 1
48 84 10
48 85 11
48 86 19
48 87 11
48 88 19
48 89 14
48 90 9
48 91 17
48 92 12
48 93 12
48 94 16
48 95 1
48 96 17
48 97 3
48 98 2
48 99 6
49 50 2
49 51 2
49 52 11
49 53 2
49 54 8
49 55 15
49 56 10
49 57 4
49 58 3
49 59 20
49 60 15
49 61 17
49 62 20
49 63 11
49 64 3
49 65 14
49 66 7
49 67 19
49 68 8
49 69 2
49 70 14
49 71 12
49 72 9
49 73 10
49 74 2
49 75 16
49 76 3
49 77 4
49 78 10
49 79 18
49 80 19
49 81 1
49 82 4
49 83 10
49 84 13
49 85 12
49 86 9
49 87 3
49 88 10
49 89 1
49 90 13
49 91 3
49 92 5
49 93 8
49 94 1
49 95 4
49 96 19
49 97 3
49 98 6
49 99 2
50 51 3
50 52 8
50 53 8
50 54 18
50 55 17
50 56 16
50 57 9
50 58 8
50 59 7
50 60 14
50 61 13
50 62 13
50 63 10
50 64 1
50 65 18
50 66 7
50 67 6
50 68 11
50 69 12
50 70 17
50 71 3
50 72 14
50 73 6
50 74 14
50 75 6
50 76 6
50 77 19
50 78 5
50 79 5
50 80 9
50 81 16
50 82 16
50 83 16
50 84 12
50 85 18
50 86 8
50 87 17
50 88 4
50 89 7
50 90 14
50 91 17
50 92 14
50 93 2
50 94 16
50 95 9
50 96 14
50 97 4
50 98 19
50 99 2
51 52 7
51 53 14
51 54 3
51 55 16
51 56 20
51 57 20
51 58 4
51 59 1
51 60 16
51 61 5
51 62 13
51 63 5
51 64 13
51 65 2
51 66 4
51 67 20
51 68 17
51 69 13
51 70 11
51 71 3
51 72 9
51 73 2
51 74 17
51 75 10
51 76 3
51 77 5
51 78 17
51 79 6
51 80 3
51 81 6
51 82 14
51 83 8
51 84 20
51 85 10
51 86 15
51 87 3
51 88 20
51 89 10
51 90 6
51 91 17
51 92 10
51 93 12
51 94 7
51 95 13
51 96 11
51 97 10
51 98 6
51 99 7
52 53 18
52 54 20
52 55 14
52 56 10
52 57 10
52 58 6
52 59 16
52 60 8
52 61 10
52 62 13
52 63 17
52 64 16
52 65 20
52 66 18
52 67 19
52 68 7
52 69 5
52 70 17
52 71 19
52 72 4
52 73 10
52 74 4
52 75 18
52 76 4
52 77 17
52 78 3
52 79 20
52 80 20
52 81 15
52 82 4
52 83 20
52 84 9
52 85 14
52 86 17
52 87 13
52 88 19
52 89 19
52 90 19
52 91 8
52 92 10
52 93 16
52 94 20
52 95 14
52 96 17
52 97 15
52 98 12
52 99 10
53 54 3
53 55 1
53 56 12
53 57 15
53 58 15
53 59 6
53 60 15
53 61 10
53 62 11
53 63 1
53 64 10
53 65 9
53 66 1
53 67 6
53 68 2
53 69 12
53 70 10
53 71 4
53 72 19
53 73 14
53 74 12
53 75 12
53 76 12
53 77 8
53 78 8
53 79 20
53 80 13
53 81 10
53 82 16
53 83 3
53 84 16
53 85 11
53 86 14
53 87 13
53 88 4
53 89 20
53 90 5
53 91 14
53 92 14
53 93 19
53 94 13
53 95 1
53 96 15
53 97 18
53 98 18
53 99 18
54 55 17
54 56 18
54 57 17
54 58 15
54 59 3
54 60 8
54 61 8
54 62 17
54 63 18
54 64 2
54 65 10
54 66 14
54 67 17
54 68 6
54 69 15
54 70 19
54 71 15
54 72 15
54 73 18
54 74 6
54 75 5
54 76 5
54 77 12
54 78 2
54 79 10
54 80 8
54 81 7
54 82 8
54 83 4
54 84 10
54 85 19
54 86 18
54 87 1
54 88 7
54 89 6
54 90 6
54 91 15
54 92 4
54 93 5
54 94 10
54 95 14
54 96 11
54 97 10
54 98 5
54 99 8
55 56 5
55 57 14
55 58 3
55 59 6
55 60 16
55 61 9
55 62 6
55 63 10
55 64 13
55 65 16
55 66 3
55 67 6
55 68 11
55 69 7
55 70 1
55 71 20
55 72 16
55 73 7
55 74 11
55 75 14
55 76 1
55 77 9
55 78 10
55 79 1
55 80 16
55 81 11
55 82 4
55 83 16
55 84 7
55 85 6
55 86 6
55 87 4
55 88 4
55 89 16
55 90 1
55 91 10
55 92 15
55 93 11
55 94 17
55 95 13
55 96 9
55 97 9
55 98 7
55 99 8
56 57 16
56 58 8
56 59 4
56 60 1
56 61 8
56 62 3
56 63 13
56 64 5
56 65 15
56 66 15
56 67 3
56 68 18
56 69 17
56 70 12
56 71 7
56 72 8
56 73 2
56 74 3
56 75 19
56 76 13
56 77 10
56 78 11
56 79 8
56 80 11
56 81 15
56 82 4
56 83 15
56 84 12
56 85 14
56 86 15
56 87 13
56 88 1
56 89 15
56 90 14
56 91 13
56 92 4
56 93 18
56 94 12
56 95 3
56 96 15
56 97 12
56 98 4
56 99 18
57 58 17
57 59 18
57 60 13
57 61 9
57 62 9
57 63 5
57 64 14
57 65 13
57 66 16
57 67 13
57 68 14
57 69 13
57 70 2
57 71 15
57 72 17
57 73 2
57 74 17
57 75 3
57 76 7
57 77 13
57 78 7
57 79 3
57 80 6
57 81 5
57 82 6
57 83 20
57 84 1
57 85 18
57 86 20
57 87 19
57 88 14
57 89 15
57 90 18
57 91 14
57 92 17
57 93 8
57 94 6
57 95 14
57 96 8
57 97 15
57 98 18
57 99 8
58 59 20
58 60 5
58 61 12
58 62 19
58 63 12
58 64 10
58 65 20
58 66 4
58 67 17
58 68 17
58 69 9
58 70 7
58 71 19
58 72 12
58 73 17
58 74 8
58 75 1
58 76 17
58 77 12
58 78 3
58 79 15
58 80 20
58 81 17
58 82 3
58 83 14
58 84 11
58 85 7
58 86 6
58 87 13
58 88 8
58 89 4
58 90 11
58 91 2
58 92 3
58 93 3
58 94 13
58 95 16
58 96 17
58 97 17
58 98 20
58 99 9
59 60 14
59 61 16
59 62 20
59 63 6
59 64 12
59 65 5
59 66 1
59 67 20
59 68 16
59 69 16
59 70 3
59 71 6
59 72 4
59 73 14
59 74 17
59 75 1
59 76 5
59 77 5
59 78 13
59 79 14
59 80 5
59 81 2
59 82 3
59 83 20
59 84 5
59 85 16
59 86 2
59 87 15
59 88 2
59 89 10
59 90 1
59 91 3
59 92 1
59 93 3
59 94 2
59 95 1
59 96 16
59 97 9
59 98 13
59 99 17
60 61 6
60 62 18
60 63 2
60 64 9
60 65 18
60 66 16
60 67 16
60 68 12
60 69 14
60 70 9
60 71 18
60 72 20
60 73 8
60 74 12
60 75 4
60 76 7
60 77 16
60 78 19
60 79 19
60 80 16
60 81 10
60 82 14
60 83 5
60 84 16
60 85 16
60 86 10
60 87 16
60 88 9
60 89 7
60 90 17
60 91 11
60 92 4
60 93 7
60 94 12
60 95 5
60 96 10
60 97 14
60 98 19
60 99 14
61 62 16
61 63 19
61 64 6
61 65 3
61 66 2
61 67 17
61 68 16
61 69 12
61 70 15
61 71 19
61 72 16
61 73 11
61 74 17
61 75 9
61 76 14
61 77 17
61 78 1
61 79 4
61 80 9
61 81 13
61 82 1
61 83 7
61 84 12
61 85 10
61 86 13
61 87 10
61 88 3
61 89 19
61 90 15
61 91 6
61 92 7
61 93 18
61 94 15
61 95 19
61 96 12
61 97 17
61 98 8
61 99 19
62 63 16
62 64 15
62 65 11
62 66 11
62 67 5
62 68 2
62 69 13
62 70 6
62 71 8
62 72 19
62 73 7
62 74 14
62 75 18
62 76 2
62 77 15
62 78 7
62 79 17
62 80 1
62 81 13
62 82 11
62 83 17
62 84 11
62 85 8
62 86 12
62 87 2
62 88 4
62 89 19
62 90 10
62 91 1
62 92 12
62 93 20
62 94 8
62 95 11
62 96 5
62 97 5
62 98 5
62 99 10
63 64 2
63 65 10
63 66 15
63 67 20
63 68 16
63 69 18
63 70 6
63 71 4
63 72 12
63 73 12
63 74 1
63 75 19
63 76 10
63 77 8
63 78 2
63 79 18
63 80 2
63 81 19
63 82 4
63 83 1
63 84 4
63 85 16
63 86 15
63 87 15
63 88 19
63 89 15
63 90 6
63 91 1
63 92 18
63 93 8
63 94 5
63 95 6
63 96 10
63 97 4
63 98 8
63 99 16
64 65 9
64 66 4
64 67 18
64 68 9
64 69 19
64 70 20
64 71 4
64 72 12
64 73 7
64 74 5
64 75 4
64 76 3
64 77 15
64 78 4
64 79 4
64 80 11
64 81 7
64 82 18
64 83 5
64 84 9
64 85 11
64 86 4
64 87 16
64 88 15
64 89 8
64 90 7
64 91 19
64 92 2
64 93 1
64 94 20
64 95 12
64 96 5
64 97 9
64 98 9
64 99 16
65 66 7
65 67 5
65 68 5
65 69 3
65 70 17
65 71 6
65 72 10
65 73 3
65 74 2
65 75 16
65 76 4
65 77 14
65 78 20
65 79 1
65 80 10
65 81 18
65 82 2
65 83 20
65 84 15
65 85 16
65 86 12
65 87 11
65 88 11
65 89 16
65 90 10
65 91 1
65 92 18
65 93 15
65 94 14
65 95 14
65 96 2
65 97 5
65 98 3
65 99 5
66 67 18
66 68 14
66 69 17
66 70 2
66 71 11
66 72 9
66 73 9
66 74 20
66 75 7
66 76 11
66 77 6
66 78 18
66 79 3
66 80 1
66 81 6
66 82 17
66 83 14
66 84 20
66 85 13
66 86 7
66 87 5
66 88 19
66 89 6
66 90 17
66 91 4
66 92 15
66 93 10
66 94 14
66 95 13
66 96 1
66 97 18
66 98 18
66 99 20
67 68 10
67 69 11
67 70 12
67 71 20
67 72 10
67 73 4
67 74 8
67 75 12
67 76 12
67 77 16
67 78 16
67 79 1
67 80 5
67 81 5
67 82 17
67 83 2
67 84 2
67 85 6
67 86 4
67 87 4
67 88 5
67 89 20
67 90 13
67 91 11
67 92 15
67 93 14
67 94 14
67 95 4
67 96 9
67 97 7
67 98 17
67 99 5
68 69 16
68 70 5
68 71 10
68 72 2
68 73 1
68 74 19
68 75 1
68 76 18
68 77 6
68 78 9
68 79 18
68 80 9
68 81 17
68 82 13
68 83 20
68 84 12
68 85 8
68 86 7
68 87 5
68 88 13
68 89 6
68 90 15
68 91 6
68 92 14
68 93 7
68 94 19
68 95 5
68 96 20
68 97 11
68 98 12
68 99 8
69 70 7
69 71 20
69 72 20
69 73 10
69 74 2
69 75 19
69 76 2
69 77 2
69 78 17
69 79 1
69 80 9
69 81 6
69 82 15
69 83 17
69 84 18
69 85 6
69 86 7
69 87 17
69 88 2
69 89 9
69 90 4
69 91 8
69 92 12
69 93 1
69 94 16
69 95 20
69 96 19
69 97 9
69 98 2
69 99 7
70 71 10
70 72 8
70 73 8
70 74 14
70 75 10
70 76 17
70 77 18
70 78 5
70 79 14
70 80 3
70 81 8
70 82 2
70 83 3
70 84 20
70 85 15
70 86 7
70 87 13
70 88 19
70 89 1
70 90 15
70 91 8
70 92 5
70 93 9
70 94 11
70 95 19
70 96 9
70 97 13
70 98 17
70 99 15
71 72 17
71 73 9
71 74 11
71 75 19
71 76 9
71 77 13
71 78 2
71 79 19
71 80 18
71 81 3
71 82 3
71 83 2
71 84 4
71 85 7
71 86 18
71 87 19
71 88 10
71 89 16
71 90 15
71 91 20
71 92 13
71 93 1
71 94 11
71 95 4
71 96 16
71 97 17
71 98 6
71 99 11
72 73 1
72 74 4
72 75 14
72 76 8
72 77 8
72 78 2
72 79 15
72 80 8
72 81 9
72 82 15
72 83 20
72 84 1
72 85 14
72 86 15
72 87 6
72 88 13
72 89 3
72 90 20
72 91 1
72 92 18
72 93 13
72 94 19
72 95 17
72 96 10
72 97 9
72 98 17
72 99 6
73 74 9
73 75 7
73 76 6
73 77 8
73 78 9
73 79 2
73 80 16
73 81 11
73 82 3
73 83 16
73 84 13
73 85 12
73 86 15
73 87 15
73 88 4
73 89 19
73 90 13
73 91 10
73 92 19
73 93 15
73 94 13
73 95 9
73 96 16
73 97 20
73 98 8
73 99 13
74 75 8
74 76 16
74 77 9
74 78 15
74 79 13
74 80 13
74 81 19
74 82 20
74 83 20
74 84 10
74 85 3
74 86 12
74 87 18
74 88 11
74 89 16
74 90 19
74 91 4
74 92 20
74 93 17
74 94 14
74 95 6
74 96 18
74 97 1
74 98 14
74 99 19
75 76 20
75 77 4
75 78 12
75 79 20
75 80 3
75 81 5
75 82 11
75 83 4
75 84 12
75 85 14
75 86 1
75 87 4
75 88 15
75 89 3
75 90 10
75 91 7
75 92 2
75 93 10
75 94 2
75 95 4
75 96 13
75 97 3
75 98 2
75 99 19
76 77 18
76 78 12
76 79 2
76 80 5
76 81 6
76 82 14
76 83 12
76 84 2
76 85 19
76 86 16
76 87 10
76 88 20
76 89 18
76 90 1
76 91 18
76 92 12
76 93 1
76 94 1
76 95 3
76 96 20
76 97 1
76 98 4
76 99 18
77 78 11
77 79 11
77 80 5
77 81 10
77 82 4
77 83 12
77 84 7
77 85 2
77 86 10
77 87 8
77 88 3
77 89 14
77 90 10
77 91 13
77 92 17
77 93 15
77 94 20
77 95 10
77 96 11
77 97 2
77 98 10
77 99 4
78 79 10
78 80 11
78 81 2
78 82 13
78 83 1
78 84 3
78 85 3
78 86 3
78 87 15
78 88 4
78 89 20
78 90 8
78 91 3
78 92 6
78 93 11
78 94 12
78 95 15
78 96 9
78 97 18
78 98 4
78 99 11
79 80 1
79 81 8
79 82 9
79 83 3
79 84 5
79 85 14
79 86 6
79 87 20
79 88 14
79 89 7
79 90 10
79 91 14
79 92 2
79 93 13
79 94 11
79 95 13
79 96 12
79 97 14
79 98 1
79 99 5
80 81 7
80 82 9
80 83 2
80 84 12
80 85 1
80 86 6
80 87 4
80 88 5
80 89 18
80 90 4
80 91 3
80 92 7
80 93 4
80 94 17
80 95 8
80 96 16
80 97 11
80 98 19
80 99 9
81 82 3
81 83 5
81 84 20
81 85 14
81 86 3
81 87 17
81 88 12
81 89 17
81 90 7
81 91 16
81 92 20
81 93 8
81 94 11
81 95 5
81 96 18
81 97 12
81 98 1
81 99 13
82 83 17
82 84 14
82 85 1
82 86 1
82 87 20
82 88 10
82 89 13
82 90 18
82 91 18
82 92 17
82 93 18
82 94 3
82 95 12
82 96 1
82 97 1
82 98 10
82 99 17
83 84 4
83 85 5
83 86 11
83 87 15
83 88 17
83 89 18
83 90 8
83 91 15
83 92 20
83 93 11
83 94 7
83 95 3
83 96 3
83 97 13
83 98 14
83 99 11
84 85 8
84 86 3
84 87 1
84 88 11
84 89 2
84 90 15
84 91 18
84 92 17
84 93 13
84 94 8
84 95 5
84 96 7
84 97 12
84 98 3
84 99 9
85 86 12
85 87 12
85 88 16
85 89 6
85 90 19
85 91 6
85 92 3
85 93 15
85 94 10
85 95 9
85 96 16
85 97 9
85 98 1
85 99 2
86 87 10
86 88 14
86 89 2
86 90 19
86 91 5
86 92 14
86 93 13
86 94 3
86 95 9
86 96 8
86 97 8
86 98 6
86 99 19
87 88 14
87 89 7
87 90 16
87 91 19
87 92 14
87 93 9
87 94 13
87 95 20
87 96 17
87 97 2
87 98 16
87 99 5
88 89 18
88 90 9
88 91 6
88 92 10
88 93 17
88 94 20
88 95 3
88 96 20
88 97 18
88 98 12
88 99 4
89 90 18
89 91 9
89 92 10
89 93 1
89 94 9
89 95 14
89 96 4
89 97 3
89 98 18
89 99 7
90 91 1
90 92 15
90 93 14
90 94 14
90 95 7
90 96 8
90 97 20
90 98 11
90 99 10
91 92 8
91 93 13
91 94 20
91 95 20
91 96 11
91 97 15
91 98 11
91 99 13
92 93 7
92 94 12
92 95 6
92 96 18
92 97 14
92 98 5
92 99 20
93 94 11
93 95 11
93 96 17
93 97 19
93 98 9
93 99 7
94 95 17
94 96 8
94 97 1
94 98 3
94 99 15
95 96 15
95 97 7
95 98 6
95 99 8
96 97 7
96 98 17
96 99 4
97 98 2
97 99 13
98 99 10